500
54242 578
23333 604
5711 839
32760 857
24492 400
36756 902
2060 254
92121 157
12685 301
59613 24
26016 632
56694 413
85238 298
95092 297
45143 174
57882 598
72852 324
39825 535
32289 614
62500 71
95309 277
1645 337
78395 840
68335 700
92215 33
96173 709
10360 576
82449 325
51239 283
45762 837
11402 171
49783 248
5427 488
57680 552
53516 74
82352 469
55180 119
8445 267
31009 761
39721 395
55007 45
85980 559
60790 510
66816 830
88421 390
8471 47
45509 312
31791 6
9091 828
50762 886
30132 948
69600 841
6028 99
1916 999
91940 342
99142 490
37573 677
84557 453
64695 331
75541 794
31094 401
17471 341
83826 103
49037 352
37413 260
36716 497
70319 630
40126 885
75935 23
7813 60
98268 416
20252 955
13814 392
87993 530
57469 73
86226 736
3299 44
63620 594
2393 904
37109 980
29753 76
28693 879
38880 81
78685 263
41893 218
10677 659
19644 848
86455 656
37174 490
92748 204
54485 184
68903 114
4204 80
91751 653
835 961
98140 104
34729 482
63031 628
53816 451
14154 367
79345 71048
50723 7615
80488 6127
65854 37121
23085 11338
94858 91739
8189 4075
2090 597
7390 2127
41520 35638
2296 2271
37862 3653
58924 947
88998 12609
85487 29926
36584 3930
64031 29364
80116 4189
68663 3971
29044 5718
58762 48045
82747 10049
87999 73106
31251 13384
41799 34178
85570 9335
13281 8879
93224 24733
79181 76124
99413 50265
68928 3083
66997 4346
32142 4541
60082 48079
26320 2553
45583 26966
34569 19089
1356 582
70352 65422
66000 3296
35825 35663
21794 14148
50228 11320
20417 14502
94698 44910
63589 2962
30194 18501
44698 10560
52322 44606
25248 22942
92495 70806
5210 3991
40133 21587
90324 8503
64415 4876
22218 1004
52461 39089
97834 21706
54029 45381
54903 19297
87193 68805
25594 13376
63810 28554
99361 79946
88706 65296
11093 4266
99938 43419
70421 36661
69033 112
43215 22333
44882 4910
68239 54324
91137 66660
11944 7379
99775 47095
13774 4628
19460 15818
85120 37636
55632 23340
3865 3582
34851 12161
32976 4004
9658 4242
21805 8412
92296 55613
37639 23383
5408 3944
48052 17138
29822 17930
69244 66811
32730 25571
19657 2862
11821 2792
40034 7715
9812 2560
8363 1477
28304 5381
63658 2268
72244 46250
3223 2801
96589 54575
64198 59549
50780 1794
40670 38566
11128 5311
77191 35789
16756 11587
16857 8722
61590 9482
72203 71621
3570 3211
19748 3934
43893 16290
41576 24009
40937 11554
26353 14936
43944 18099
16953 12102
19950 6189
15748 14050
25049 7844
32169 14221
64291 34982
3815 2168
77433 10179
65363 26012
63076 36615
28211 5676
97624 68572
85944 33769
81924 27308
42541 8647
14895 2041
53685 24386
43793 17406
36733 34451
70434 32485
87792 32414
95337 22296
54156 40165
5740 4550
10451 8509
12766 124
48137 41285
96725 89965
24416 6485
60182 19762
82925 76208
74143 56233
73730 1916
100000 3112
100000 5945
100000 2307
100000 3248
100000 6780
100000 6443
100000 5446
100000 7914
100000 6799
100000 1883
100000 7330
100000 9909
100000 1723
100000 4661
100000 4170
100000 8475
100000 4963
100000 8815
100000 5454
100000 8578
100000 8321
100000 1192
100000 9134
100000 6387
100000 8768
100000 2969
100000 8649
100000 7827
100000 8301
100000 9938
100000 2328
100000 7442
100000 8148
100000 2270
100000 1665
100000 9856
100000 5379
100000 8507
100000 3817
100000 5562
100000 1724
100000 3058
100000 6474
100000 6539
100000 4924
100000 6985
100000 5367
100000 3555
100000 9617
100000 1194
100000 9980
100000 7631
100000 4474
100000 5671
100000 1348
100000 5645
100000 2670
100000 6749
100000 3976
100000 6558
100000 3912
100000 9809
100000 7987
100000 8057
100000 3482
100000 6491
100000 8941
100000 8289
100000 7113
100000 4004
100000 7141
100000 7010
100000 5058
100000 7135
100000 1142
100000 4918
100000 2648
100000 5794
100000 6643
100000 3421
100000 1160
100000 2943
100000 9249
100000 5462
100000 5878
100000 6461
100000 8425
100000 3117
100000 4733
100000 1705
100000 7616
100000 6738
100000 6032
100000 6482
100000 3351
100000 2179
100000 9797
100000 8478
100000 7901
100000 5344
100000 3315
100000 9595
100000 1845
100000 2182
100000 2032
100000 6133
100000 4210
100000 1964
100000 9511
100000 7947
100000 1569
100000 6821
100000 5379
100000 9909
100000 5118
100000 2415
100000 6018
100000 1154
100000 8836
100000 3303
100000 3188
100000 1503
100000 6306
100000 8183
100000 1108
100000 2688
100000 9371
100000 9601
100000 4063
100000 8604
100000 6191
100000 7629
100000 2546
100000 7895
100000 8251
100000 1104
100000 7486
100000 4414
100000 5222
100000 3336
100000 5906
100000 6185
100000 2703
100000 6147
100000 1651
100000 9587
100000 9387
100000 9937
100000 5776
100000 3170
99700 69107
19737 22261
23428 85279
10764 82064
42614 91746
91054 82601
89722 43523
90677 20251
1640 13586
13146 15661
8563 47583
10760 3193
17560 95615
48985 77853
97833 78083
81032 91291
50082 80311
41259 13734
22914 74613
10924 77275
53564 67449
86609 56110
11726 87409
76207 66381
68912 67598
68358 46003
98278 71142
68482 19914
42188 10479
40944 62158
17826 34238
42559 85063
77230 89157
45830 61683
36662 395
23443 34277
75934 46661
59910 3195
45754 4252
78368 19171
37013 91048
27691 32562
71403 81138
5762 89971
5583 1849
45475 41791
79470 72167
54330 56738
19077 96355
9721 29419
82202 40677
46480 84464
67067 15326
37422 79056
13439 49929
22200 48486
55950 41695
35128 38632
99137 98263
36557 92116
4380 80150
20071 59595
11124 92154
83359 52712
14145 14482
88592 62310
62159 85115
52854 65597
67148 37214
69454 26201
78917 44356
65909 85374
36136 87256
59341 979
61224 50377
65527 77454
76381 26046
38402 34248
50686 9518
81446 86187
69097 36093
68915 46258
41900 78355
58650 12297
11412 66613
13380 13142
47414 76080
17273 11563
29255 13771
7717 43678
2805 4506
49348 60429
68691 97265
59870 40911
100000 100000
0 10
5 10
1 1
5 1
0 0
