1000
18 56 55
59 43 87
32 43 54
95 52 21
39 94 64
15 48 19
69 26 21
73 67 79
30 57 67
37 54 52
68 85 59
12 25 45
72 45 65
78 92 39
54 8 62
23 36 86
40 58 61
60 83 20
100 55 38
73 44 1
95 61 13
78 23 25
93 28 75
13 78 5
73 91 41
37 87 8
75 33 74
15 19 12
7 79 5
35 73 75
39 81 80
28 81 52
56 35 42
97 61 94
30 17 52
67 54 42
55 77 36
34 72 48
66 89 30
2 47 93
90 76 61
10 87 38
50 66 61
90 14 81
4 78 15
10 55 4
40 32 40
39 68 98
100 18 7
81 88 84
39 85 37
81 69 83
6 54 76
43 19 26
95 11 94
43 81 99
16 81 32
17 69 21
60 38 13
78 84 95
32 96 39
64 70 73
20 2 14
77 28 9
92 82 14
82 47 30
75 68 11
32 14 83
41 88 72
49 78 52
8 20 80
18 82 44
86 15 32
16 93 89
61 95 87
36 54 38
37 33 18
24 64 84
13 21 19
37 3 58
47 53 21
85 73 70
55 82 52
51 16 84
34 29 29
6 45 79
50 22 39
20 56 69
60 34 72
14 98 61
55 83 24
30 83 16
52 23 15
61 56 2
5 77 3
63 74 95
79 6 30
23 89 93
49 48 55
8 64 34
70 57 74
41 12 92
74 35 91
70 42 40
38 96 19
99 70 86
100 1 1
33 56 65
88 55 34
13 62 69
88 40 84
19 53 6
90 48 65
85 74 65
25 65 34
26 2 42
47 66 45
99 26 64
70 88 73
28 96 15
76 78 55
19 25 7
13 15 75
20 62 88
48 59 23
76 58 19
1 13 64
59 96 91
21 94 36
69 3 81
86 89 75
75 55 81
77 97 48
68 31 60
71 87 7
97 40 45
5 92 68
53 61 85
79 12 10
51 76 26
82 79 96
77 91 2
84 90 1
46 71 15
52 10 20
84 79 48
83 41 63
45 38 11
67 45 84
63 53 74
42 91 58
64 16 62
39 39 55
63 42 23
36 67 58
73 81 29
20 98 70
17 42 4
4 45 66
8 90 85
34 16 89
35 55 63
51 72 5
23 3 100
13 15 91
95 23 15
17 26 74
46 59 25
79 29 41
29 81 85
78 13 34
11 78 3
97 37 34
22 61 99
51 61 55
70 29 55
57 76 73
8 31 78
34 74 94
18 95 60
100 70 91
52 29 5
11 99 88
0 53 42
52 91 16
0 65 91
45 12 15
78 12 41
81 8 37
75 37 68
87 5 14
86 54 55
51 66 33
75 97 59
98 55 70
33 36 11
93 91 57
40 67 34
0 27 62
89 11 13
27 23 13
29 25 59
53 90 67
67 45 63
29 35 24
100 54 94
22 4 96
53 22 1
57 52 31
53 70 66
90 98 72
50 22 86
49 43 41
14 89 2
27 69 53
4 62 87
11 30 40
43 58 83
73 41 26
64 96 55
71 75 25
19 41 36
87 47 83
32 98 7
79 87 63
49 79 11
93 62 88
84 71 12
98 39 27
93 79 38
35 99 22
12 83 57
5 47 66
23 7 57
64 81 11
73 35 23
79 6 20
46 26 68
4 47 5
38 27 52
52 96 17
5 5 86
89 86 90
35 57 4
10 34 81
13 55 55
52 90 42
68 94 26
6 36 66
45 54 78
29 75 87
51 39 32
13 64 55
54 98 4
16 81 80
83 21 71
65 70 12
19 32 69
61 29 41
21 81 30
29 2 60
95 44 79
21 1 14
36 41 40
3 31 48
6 12 13
78 53 78
68 82 88
73 9 85
19 80 12
91 10 57
86 25 64
35 45 55
5 4 81
72 53 57
57 64 92
80 33 25
91 41 56
0 55 55
45 39 5
81 3 94
91 63 31
3 82 67
14 63 94
11 5 82
98 42 24
68 6 13
86 41 9
55 47 53
54 83 44
18 75 3
22 14 70
96 46 59
42 65 78
7 21 17
50 78 61
10 33 56
19 87 86
88 17 98
31 11 66
41 85 37
53 80 34
20 56 46
7 78 53
84 5 4
92 55 47
38 100 15
58 16 65
34 99 40
38 18 74
29 21 13
99 13 4
7 52 70
12 98 95
58 85 42
28 44 77
80 78 67
23 24 41
22 84 76
45 19 56
1 42 57
64 76 28
70 35 40
82 77 39
27 56 28
38 13 28
16 66 96
31 8 81
42 25 39
10 34 82
67 48 15
15 27 85
84 63 23
29 37 5
32 74 85
25 40 82
52 71 59
20 46 39
11 32 65
94 53 82
83 98 82
87 21 91
57 26 71
78 28 94
72 9 77
97 69 86
76 86 17
51 26 61
75 12 4
72 40 83
29 16 45
33 29 79
30 5 25
53 92 12
57 58 89
6 97 77
43 86 20
61 34 14
71 59 9
28 37 95
22 89 58
89 8 11
98 29 77
16 48 34
97 58 73
93 94 28
45 62 57
43 54 4
28 58 46
45 94 28
90 24 63
59 75 48
19 8 1
81 64 70
30 25 5
73 93 3
13 68 39
82 87 30
55 94 1
62 17 11
100 66 13
81 53 85
95 59 36
84 95 42
37 29 63
42 67 86
66 92 12
41 87 80
79 94 60
19 7 99
87 40 57
72 17 12
3 19 75
81 13 32
48 39 20
74 9 58
55 82 21
71 35 27
63 90 6
67 77 35
0 10 42
99 99 99
97 81 53
95 11 94
69 25 52
53 76 77
62 17 79
42 67 14
38 6 39
16 11 38
20 39 43
0 34 29
83 77 98
62 86 17
94 41 86
100 89 76
2 36 39
41 35 64
54 86 32
67 1 56
43 99 74
67 19 16
98 4 46
96 33 27
59 72 79
20 73 91
66 17 16
52 71 98
22 34 52
87 70 20
10 5 43
94 75 65
59 78 24
29 21 89
89 80 24
5 85 97
86 33 83
2 42 20
5 100 52
53 86 23
79 13 6
36 22 35
38 92 85
76 45 72
63 4 15
74 27 60
15 90 92
74 24 4
63 93 100
12 7 78
81 38 96
24 57 38
81 16 88
96 28 17
67 94 53
52 27 3
84 18 41
17 24 45
10 55 27
100 28 10
2 64 93
13 82 4
12 59 63
21 63 84
66 98 21
82 20 52
80 5 56
76 10 62
29 23 13
48 52 2
22 20 89
36 64 15
95 85 18
41 26 27
21 53 4
36 98 30
3 22 39
85 71 33
79 74 13
77 76 20
16 10 4
51 82 15
82 28 71
42 4 54
59 22 76
50 95 41
65 46 89
54 93 10
27 5 38
61 11 97
41 62 75
85 96 27
69 44 38
86 67 92
84 58 56
57 75 37
83 56 97
57 48 78
47 66 68
97 7 12
49 22 17
66 69 9
95 22 15
51 34 61
63 47 47
40 47 81
82 32 14
16 46 80
64 15 25
75 69 6
7 13 7
35 68 35
98 41 60
76 5 76
61 88 67
43 97 35
80 60 28
79 91 11
11 73 54
44 52 32
44 62 13
100 89 79
5 95 26
60 68 69
74 35 78
16 53 10
58 20 22
48 100 27
55 3 20
53 66 72
19 77 72
5 98 52
47 27 8
69 96 28
65 77 89
75 96 31
37 43 86
41 20 71
50 91 58
40 29 19
7 84 93
5 47 9
77 18 99
84 26 67
12 24 3
94 29 22
34 72 75
4 1 83
70 67 75
94 54 91
91 77 63
10 22 75
4 90 64
38 8 35
99 8 69
10 19 4
35 55 45
44 19 7
32 60 75
88 17 100
22 2 57
52 37 89
29 11 42
61 58 61
9 77 77
5 36 8
42 73 40
97 70 4
1 74 53
61 85 22
0 89 69
70 16 5
90 70 34
58 18 38
85 12 5
84 63 8
16 74 2
74 73 98
3 66 73
92 38 94
11 97 8
84 74 99
2 57 53
80 22 42
88 56 9
10 36 76
48 69 67
11 83 30
1 90 31
34 10 100
50 82 26
66 26 38
42 8 52
21 17 22
45 24 72
38 86 11
8 88 1
73 43 35
100 37 76
58 86 97
0 99 43
6 53 79
37 73 10
67 56 15
74 3 72
41 85 26
93 40 71
1 45 6
21 60 67
48 48 69
80 94 17
37 21 1
49 47 74
99 70 27
1 12 64
25 68 86
100 23 20
84 70 75
83 12 56
38 4 40
92 33 47
52 72 19
30 61 23
12 85 59
72 82 11
15 81 30
66 22 24
35 81 8
81 30 41
93 73 82
71 28 11
28 2 36
14 36 81
68 63 40
96 31 25
23 76 96
34 14 7
39 43 22
59 83 100
33 18 17
73 81 87
13 17 1
67 60 11
50 42 68
75 46 17
88 76 98
33 24 78
79 70 92
25 25 97
47 2 34
49 34 10
40 5 31
80 15 95
27 6 1
10 86 69
62 46 8
75 28 25
77 46 25
3 53 40
98 57 37
48 16 37
90 67 82
8 13 21
85 67 94
73 29 39
36 86 34
49 42 78
16 66 92
33 35 34
38 2 57
38 3 52
56 57 34
35 22 38
22 45 39
19 95 1
4 64 27
12 55 55
54 69 77
56 30 6
75 36 52
31 15 100
1 52 5
34 5 87
30 9 85
14 72 37
5 20 37
18 61 15
55 48 15
79 37 2
77 83 58
24 89 95
91 88 3
76 27 10
82 45 77
78 22 46
7 56 41
97 82 93
29 42 62
70 72 24
45 70 62
17 46 54
2 35 88
28 95 81
46 13 67
96 46 9
12 71 89
93 21 57
38 68 94
64 20 30
100 6 94
84 58 8
81 58 33
85 85 34
97 96 54
71 28 4
35 64 17
72 83 63
90 58 66
33 20 79
9 72 95
4 25 17
44 65 58
98 80 87
91 2 82
51 36 99
38 31 43
55 71 46
20 24 95
84 69 3
19 71 93
1 97 39
21 80 63
91 74 34
92 67 54
19 57 99
88 98 52
77 83 32
22 28 37
9 67 78
38 20 36
35 9 73
97 10 91
73 4 82
80 46 30
8 34 45
93 5 46
84 30 23
87 63 13
66 90 100
13 9 61
15 29 66
87 37 36
99 91 5
34 15 71
6 56 93
97 16 13
100 90 10
7 34 65
4 47 1
4 80 61
4 95 82
44 68 69
63 97 5
91 96 80
98 85 64
12 72 83
37 87 64
49 73 97
100 89 96
99 92 73
57 14 13
15 12 1
20 11 46
32 67 10
23 79 47
35 71 80
91 2 12
16 43 68
46 4 73
72 96 80
33 44 96
42 13 34
44 27 57
27 23 72
32 46 61
15 72 4
83 53 23
37 65 24
82 47 46
66 68 37
83 39 80
19 54 59
100 27 67
70 25 2
55 98 32
88 93 40
8 100 13
73 7 6
42 33 8
86 82 81
60 86 100
22 88 73
55 93 15
55 12 25
12 100 82
43 30 26
57 87 8
47 68 48
15 70 53
48 62 3
74 32 16
89 21 73
66 16 67
87 20 40
100 64 45
22 21 46
50 65 61
47 32 85
8 61 3
26 54 1
41 48 10
25 55 35
93 8 68
25 85 66
1 94 5
54 36 40
53 100 79
25 69 7
7 13 96
50 36 93
67 14 93
90 72 20
4 87 25
94 73 33
31 37 19
37 26 33
27 63 72
28 16 5
60 5 38
0 92 67
98 38 32
63 73 6
72 68 30
26 7 46
55 37 9
15 40 98
48 46 58
34 26 6
92 31 9
28 1 34
33 61 4
27 65 77
31 86 25
16 86 46
42 7 15
55 32 37
12 8 16
30 86 56
39 62 100
31 83 25
30 41 28
96 67 6
85 55 91
34 78 66
52 20 71
1 87 71
87 12 14
76 84 67
64 85 30
1 22 6
78 31 43
83 15 78
1 81 66
100 60 84
23 5 33
22 97 31
75 76 37
2 86 38
0 54 4
45 39 23
21 89 97
30 65 81
6 74 32
37 17 62
8 67 44
77 21 90
60 52 78
4 11 83
68 23 92
70 44 46
54 47 14
43 24 79
62 67 78
8 92 17
30 15 68
2 48 25
96 95 29
83 25 47
8 78 93
54 73 68
31 30 58
36 65 62
79 67 41
79 48 76
64 25 83
74 98 45
57 28 81
75 56 53
81 45 30
16 54 82
56 91 37
46 18 82
50 45 96
41 67 73
31 3 8
3 8 88
96 10 58
39 68 89
95 95 17
17 52 13
25 24 95
25 2 9
8 58 1
37 13 100
12 72 15
33 34 86
44 88 41
52 33 14
56 48 75
54 12 86
76 9 32
68 88 5
9 67 98
99 61 22
90 69 64
54 84 33
82 35 76
30 5 55
65 83 43
40 31 94
55 99 81
43 82 18
33 58 9
96 74 56
11 45 87
13 42 34
14 33 90
71 86 34
75 9 23
13 64 42
100 9 27
61 11 61
24 1 68
100 33 89
5 97 10
11 10 80
31 80 31
67 7 97
67 88 33
11 72 92
56 6 32
14 60 30
73 100 14
52 44 12
75 93 5
100 35 40
74 77 38
34 92 69
20 71 63
37 62 67
84 90 42
91 2 11
86 7 52
22 41 17
32 68 96
85 68 41
27 61 19
75 83 75
51 46 69
44 31 91
16 79 40
37 24 17
98 22 42
46 60 87
79 48 79
90 69 60
24 84 57
75 71 84
2 59 23
57 59 38
51 22 21
52 68 7
5 34 58
44 35 57
43 44 59
46 13 17
88 45 37
87 93 35
95 24 55
47 39 84
