1000
34 44 71
71 52 15
72 40 83
27 63 72
62 57 13
65 70 12
93 8 68
17 24 45
96 97 9
46 18 82
84 70 75
1 74 53
18 95 60
13 55 55
83 53 23
7 38 80
33 36 11
20 41 6
58 18 38
88 7 40
45 61 96
1 45 6
85 16 71
61 53 3
18 18 95
19 25 7
48 77 79
0 55 55
100 89 76
61 89 91
41 31 52
33 35 34
87 93 35
62 44 84
88 40 84
5 97 10
28 96 15
32 77 66
91 63 31
11 92 53
37 13 100
93 85 66
63 42 23
80 74 70
14 81 78
97 82 93
25 25 97
7 55 65
70 87 37
67 88 33
2 21 41
16 10 4
33 69 55
2 86 38
16 93 89
94 53 82
2 59 23
31 20 6
68 6 13
13 15 91
10 5 43
76 70 22
35 43 32
51 76 26
92 40 17
89 48 41
55 82 52
34 78 21
55 58 79
51 82 15
10 34 81
94 29 61
36 61 83
65 89 98
54 47 14
16 12 2
31 9 97
49 42 78
38 96 19
8 47 90
12 83 57
20 28 98
52 36 12
52 33 14
71 35 27
11 10 80
66 19 66
5 21 40
67 1 56
68 63 40
93 61 47
87 22 56
33 61 4
12 24 3
97 96 54
36 22 35
48 16 37
85 12 5
98 96 13
84 30 23
0 53 42
83 77 98
94 7 87
3 66 73
79 88 11
79 46 84
43 19 26
13 45 52
50 45 96
4 99 34
69 25 52
68 31 60
92 38 94
67 48 15
0 65 91
82 98 10
67 3 26
35 29 87
38 55 3
39 62 18
73 9 85
75 83 75
32 10 75
22 21 46
18 13 17
42 93 80
42 62 90
99 99 99
81 53 85
85 71 33
79 91 11
98 55 70
10 34 82
76 5 76
49 48 55
84 75 56
11 72 92
74 29 63
67 77 35
46 100 56
55 71 19
57 41 42
51 61 55
56 65 95
41 98 74
99 62 71
11 69 57
27 23 13
82 89 7
67 73 45
73 41 26
28 11 21
81 64 71
54 98 4
67 54 42
97 10 17
87 37 36
69 62 92
1 69 27
39 42 75
42 4 54
12 85 59
36 60 91
79 6 20
25 69 7
59 43 87
90 14 81
98 85 64
41 88 72
60 52 78
20 73 91
63 97 5
22 41 17
35 87 31
39 5 87
20 71 63
35 57 4
22 14 70
70 35 42
74 9 58
10 55 27
59 89 41
30 15 68
75 37 68
0 15 62
8 31 78
6 56 93
72 69 8
81 69 83
6 53 79
17 26 74
64 15 25
27 23 72
53 90 67
4 45 66
59 72 79
97 37 34
75 28 25
38 27 52
20 46 39
96 46 59
65 81 74
0 54 4
82 65 54
40 29 19
4 25 17
0 33 60
4 1 83
4 38 5
36 98 27
30 94 18
62 46 1
75 18 61
90 76 61
73 44 1
12 72 15
10 33 56
90 70 34
53 85 73
59 83 100
46 100 80
100 26 16
45 39 23
7 78 53
96 33 27
100 17 30
52 91 16
96 44 13
99 70 27
61 56 2
25 43 87
68 55 29
67 58 20
50 96 59
52 22 97
32 38 20
38 2 57
29 71 99
12 100 82
85 85 71
82 35 76
33 12 86
41 54 55
57 59 38
51 34 61
54 7 5
16 86 46
16 81 32
0 68 90
12 7 78
0 30 70
29 16 45
35 16 42
95 82 27
50 22 39
58 86 97
15 40 98
47 53 21
77 46 98
59 30 95
35 9 73
94 75 65
50 20 90
78 28 15
55 47 53
63 74 95
19 87 86
7 68 97
89 8 11
8 59 6
31 9 89
99 77 4
1 54 73
13 46 10
53 48 96
100 6 31
77 18 99
34 98 65
57 87 8
77 89 75
80 2 41
94 30 67
97 58 73
13 62 100
0 71 40
34 38 11
81 88 84
17 46 54
37 87 64
75 12 4
78 92 39
56 92 59
95 29 87
100 70 91
22 84 76
34 64 3
17 32 44
47 88 38
28 14 70
80 78 67
28 43 83
38 18 74
71 8 8
71 28 4
97 87 65
47 74 14
51 7 31
1 22 6
91 86 25
19 57 99
17 75 28
49 2 81
28 89 30
5 74 9
2 76 15
62 24 38
41 5 75
91 22 82
67 43 16
49 47 74
58 12 24
40 76 92
56 83 72
36 98 30
84 98 55
91 47 20
100 45 18
44 27 57
88 76 98
41 85 37
67 60 11
96 23 25
73 91 41
82 79 96
66 75 25
79 67 41
45 12 15
43 89 76
28 58 46
100 89 79
86 23 47
85 55 91
13 98 74
100 60 84
89 11 13
93 26 48
22 34 52
72 96 80
57 98 14
19 53 6
10 32 14
32 98 7
16 20 69
27 5 38
60 81 83
70 42 40
74 35 91
94 54 91
75 46 17
14 19 22
75 97 39
43 54 4
11 30 40
93 28 75
71 81 41
64 16 62
53 76 77
100 33 89
10 33 21
19 38 41
37 56 98
34 16 89
69 39 59
22 97 31
24 64 84
5 77 17
64 70 73
31 10 68
77 41 62
92 10 71
31 40 41
4 62 87
47 71 80
73 81 87
75 76 37
27 39 58
99 91 5
50 69 97
80 70 89
50 42 68
34 14 7
56 48 75
79 100 64
85 9 98
19 80 12
10 36 76
70 88 73
23 65 87
48 100 27
30 61 23
80 5 56
80 60 28
67 68 52
10 86 69
91 2 11
98 23 27
13 82 4
85 7 21
47 1 94
78 21 43
70 70 72
34 27 91
18 75 8
79 70 92
22 45 39
23 17 75
33 20 79
71 75 75
44 33 42
17 6 40
100 18 7
84 24 17
71 76 48
24 57 38
65 42 19
28 100 1
91 2 12
100 98 41
76 9 32
67 5 11
57 92 78
100 87 47
79 4 33
93 62 100
68 23 92
49 73 97
83 41 63
8 78 93
61 9 64
95 52 21
78 28 94
15 48 19
20 18 1
100 64 45
29 11 42
82 77 39
48 59 23
89 41 20
46 83 61
53 46 81
18 69 54
85 93 63
5 98 52
41 85 26
53 28 74
16 5 23
56 84 29
54 70 59
67 95 83
57 85 91
46 69 58
34 92 69
50 22 62
7 84 93
55 82 21
34 99 40
49 35 2
22 54 16
63 18 95
0 27 62
25 63 58
100 66 7
3 89 85
33 39 73
15 12 1
31 32 20
95 53 33
28 1 34
90 69 64
98 83 39
44 52 32
54 53 91
10 9 17
39 5 38
2 64 93
4 79 33
93 54 6
13 42 34
66 68 37
89 21 73
57 71 100
91 35 47
88 98 52
71 75 25
42 8 52
22 88 73
46 74 16
28 2 36
54 93 10
76 10 62
87 21 91
76 27 10
30 41 28
89 37 94
17 89 70
99 10 38
81 30 41
18 75 3
7 72 10
6 45 79
100 37 76
13 9 61
7 25 48
69 18 21
30 57 67
54 28 35
97 40 45
25 47 39
61 88 67
93 68 55
31 37 19
100 91 95
91 54 60
99 70 86
23 7 3
97 70 4
67 45 84
100 35 40
38 4 40
40 79 88
52 44 12
84 53 47
28 88 81
85 68 41
31 47 82
90 69 60
54 12 86
48 52 2
2 42 20
87 15 84
59 96 91
40 5 31
2 57 53
97 10 91
8 61 41
76 77 73
77 89 85
15 70 53
1 73 59
4 57 29
51 22 21
63 43 23
83 77 15
20 11 46
58 16 65
55 93 15
61 87 41
46 13 25
41 48 10
33 44 96
17 17 24
38 31 43
91 88 3
75 63 74
69 26 21
75 71 84
1 95 53
93 40 71
58 58 81
16 96 54
6 90 18
55 3 20
87 47 83
23 68 11
75 97 59
90 58 66
95 88 7
20 46 63
93 37 34
14 63 94
50 91 58
91 59 33
55 94 1
30 25 5
5 85 97
52 23 15
82 97 70
84 90 42
39 81 80
87 63 16
84 58 8
64 76 28
87 57 12
44 5 97
100 47 93
21 60 67
70 15 34
82 86 16
85 2 99
3 96 47
83 88 33
19 78 93
68 45 5
98 87 25
85 73 67
36 32 85
65 83 43
68 85 59
67 23 25
0 39 48
24 29 11
61 11 61
55 98 32
7 56 41
49 18 95
54 84 77
56 87 92
22 75 38
29 35 24
37 33 85
77 46 25
78 100 69
14 36 81
72 21 28
78 23 25
84 5 4
9 78 90
4 47 5
55 36 81
20 60 5
81 45 30
42 13 34
61 38 36
35 97 48
52 68 11
69 3 81
54 36 40
49 37 81
12 8 16
32 47 87
59 98 12
9 76 39
86 82 81
30 83 16
33 24 78
41 9 44
56 61 7
79 13 6
19 95 1
3 53 40
24 60 67
36 17 39
54 99 95
51 9 46
23 1 19
31 83 25
44 88 41
6 54 76
28 75 45
67 45 63
94 24 53
77 61 9
15 74 4
5 20 37
82 93 96
5 92 68
68 88 23
17 53 33
5 47 9
79 87 63
74 32 14
56 80 4
65 48 46
85 96 27
2 96 76
47 27 41
38 68 94
18 61 15
44 26 6
5 36 8
9 100 8
41 20 71
98 4 46
60 81 24
75 96 31
100 1 1
96 55 72
42 58 87
55 48 15
49 86 5
28 53 36
71 59 9
15 14 85
73 6 68
38 100 15
36 64 15
42 91 58
57 28 81
19 7 99
88 17 98
67 67 62
66 89 30
10 19 4
77 31 9
73 60 73
30 9 85
34 72 48
25 54 15
76 78 55
26 57 61
8 20 80
55 37 9
51 16 84
23 79 47
85 70 9
25 2 9
31 90 6
90 67 82
21 88 44
16 58 42
82 94 57
65 46 89
13 15 75
39 68 89
24 24 77
100 84 72
95 62 96
62 17 79
7 33 36
8 44 91
75 18 15
13 63 44
50 27 13
84 58 56
60 2 68
56 1 93
60 4 61
2 47 93
59 78 24
67 43 20
39 68 98
73 43 35
59 82 94
52 71 98
90 47 68
62 87 92
64 82 82
2 20 12
69 77 100
72 82 11
23 24 41
85 33 65
86 22 44
94 13 95
61 85 22
97 76 47
28 74 83
55 80 45
85 13 84
63 47 47
4 90 64
82 24 95
89 80 24
18 89 10
11 45 47
9 3 8
84 95 42
8 3 76
0 99 43
60 24 94
66 20 11
62 90 75
48 64 69
24 100 35
75 23 60
50 95 41
66 96 69
14 84 31
29 36 86
38 15 17
28 62 38
32 68 96
28 37 95
2 72 59
21 89 97
6 23 99
38 92 85
100 54 94
69 96 3
75 40 70
16 79 40
55 4 97
2 48 25
26 54 1
99 8 69
74 86 67
26 91 40
45 70 62
75 33 74
50 58 100
11 32 65
94 62 11
0 92 67
25 23 43
73 94 6
77 88 1
89 86 90
75 9 23
47 27 8
46 60 87
10 38 38
46 13 17
12 59 63
69 82 83
75 79 54
92 31 9
40 47 81
72 17 12
6 10 20
12 39 71
38 13 28
34 67 6
66 17 16
96 23 79
81 16 88
81 14 29
31 86 25
2 1 3
94 30 5
12 55 55
81 3 94
31 43 35
4 64 60
48 38 28
17 42 4
37 21 1
77 23 24
35 81 8
5 19 45
22 4 96
75 30 25
33 56 65
6 97 77
20 2 14
60 100 78
61 11 30
0 44 99
43 99 74
54 13 86
47 32 85
73 79 96
62 48 83
95 92 84
25 18 17
32 81 7
80 80 99
96 28 17
35 45 55
88 64 68
83 62 4
63 4 15
91 74 34
62 46 8
41 62 75
25 60 20
7 95 21
23 7 39
67 14 93
38 10 22
23 70 19
60 98 27
7 79 5
34 29 37
10 37 85
12 3 26
100 89 96
57 64 92
66 69 9
45 38 11
99 92 60
90 24 63
92 7 98
16 86 48
16 58 27
42 35 78
98 6 75
44 71 96
82 19 81
96 46 9
82 42 37
78 13 34
9 10 84
16 43 68
28 16 5
73 7 6
7 83 47
98 41 60
89 42 1
94 73 33
46 38 10
16 20 13
7 52 33
15 29 66
38 8 35
55 84 13
98 38 32
100 9 27
77 75 10
26 2 42
29 90 66
22 64 65
50 22 86
32 94 82
37 3 58
1 81 66
21 6 39
85 73 70
51 36 99
85 74 65
3 8 88
17 78 67
33 17 14
84 32 46
70 29 55
63 73 6
37 92 57
2 98 62
8 64 34
15 27 85
13 68 39
75 53 41
15 72 4
19 77 72
61 95 87
84 63 8
66 25 14
98 13 29
79 26 26
17 69 21
32 27 27
1 55 20
17 79 13
80 32 67
42 67 86
85 67 94
68 82 88
79 40 83
14 10 10
70 57 74
98 69 74
4 64 27
95 11 94
21 61 42
80 15 95
67 56 15
36 54 38
81 40 43
80 65 25
54 72 3
24 26 19
12 25 45
72 84 72
100 28 10
17 36 76
5 5 86
2 67 55
41 97 37
79 94 60
95 21 59
29 2 60
36 86 34
62 67 78
77 83 58
41 35 64
35 62 33
82 47 30
34 66 96
68 88 5
87 20 40
90 93 62
98 57 37
17 37 79
85 85 34
85 86 56
56 91 37
64 25 83
55 99 81
76 86 17
2 100 54
12 71 89
79 37 2
99 35 58
79 29 41
70 25 2
63 75 34
1 97 39
30 60 84
87 63 13
66 15 25
78 84 95
