26
6 198 36 137 18 62 44 
7 179 43 159 90 4 103 95 
10 45 84 182 24 12 120 165 105 188 110 
10 157 175 19 140 107 131 121 3 180 29 
11 28 30 126 139 177 77 195 104 98 58 16 
14 150 151 7 154 178 199 192 191 96 25 194 65 189 149 
9 34 196 70 158 127 50 15 79 67 
11 122 55 162 54 114 148 200 108 38 190 9 
12 133 22 81 26 57 147 49 6 69 21 168 181 
5 5 116 1 46 109 
11 113 119 106 40 197 93 170 155 17 89 56 
11 60 184 132 125 174 80 94 48 118 41 14 
10 135 87 31 68 74 27 173 10 92 138 
15 42 145 183 39 88 52 124 61 129 102 63 64 172 153 193 
11 2 186 136 176 71 164 163 66 142 156 86 
8 128 185 123 187 97 167 72 169 
7 144 101 33 171 20 100 134 
7 53 35 23 11 59 85 51 
5 115 83 117 91 73 
4 112 161 8 130 
5 141 75 152 99 37 
2 82 160 
4 76 32 13 47 
2 78 143 
2 166 111 
1 146 
30
3 96 25 9 
11 156 35 133 202 261 164 234 121 125 235 87 
7 49 154 24 289 74 223 288 
8 264 79 276 194 84 43 209 118 
8 266 170 51 122 242 102 232 263 
13 193 37 59 1 72 4 86 85 92 80 222 91 173 
10 188 255 63 139 114 205 229 69 287 207 
13 243 270 176 39 286 279 13 75 106 246 52 148 283 
15 178 103 142 225 249 6 168 206 177 269 277 57 42 201 149 
12 70 248 127 219 247 226 171 187 105 260 192 14 
13 18 98 238 239 155 282 7 27 99 217 19 120 31 
10 163 197 275 76 199 167 280 175 62 218 
18 38 143 137 271 146 83 214 135 189 208 136 157 181 56 107 285 179 29 
11 15 97 131 109 227 259 150 220 50 41 200 
11 82 119 265 126 182 117 115 145 100 230 162 
16 113 251 88 8 267 180 47 186 221 272 77 172 256 132 53 89 
16 28 258 274 64 55 278 128 138 40 166 160 101 116 12 158 17 
14 21 46 228 198 93 112 211 48 111 153 54 241 3 90 
11 245 129 224 71 65 123 184 169 2 159 108 
10 253 204 81 5 124 151 66 257 236 67 
12 281 140 26 130 60 161 174 262 273 94 11 22 
7 210 196 95 237 134 215 36 
10 152 147 104 240 44 30 165 216 233 73 
7 183 190 250 78 195 144 10 
5 34 58 254 212 185 
5 141 32 268 284 110 
4 252 231 23 20 
4 16 203 213 33 
2 61 191 
3 68 244 45 
34
8 130 296 160 44 97 376 83 361 
12 124 356 378 167 32 85 133 208 372 332 66 318 
10 241 243 34 331 256 13 72 154 9 234 
11 76 283 175 11 116 38 148 169 218 194 168 
13 53 375 199 8 50 253 197 106 17 54 146 268 322 
14 94 370 226 265 249 355 364 271 39 180 119 183 129 70 
17 257 240 349 377 136 113 15 25 340 87 298 43 35 162 103 295 344 
18 101 223 151 96 368 65 291 60 244 29 308 259 311 341 122 149 158 317 
23 112 58 78 224 71 99 334 61 121 227 161 80 164 335 111 135 285 310 348 100 374 338 191 
18 347 187 207 45 68 105 88 4 40 343 231 67 261 284 159 192 6 251 
17 371 195 212 264 281 339 357 172 16 147 238 210 221 266 351 69 262 
14 297 321 328 3 203 233 139 108 290 20 7 171 275 333 
15 222 282 56 118 126 205 250 352 51 363 314 42 206 373 114 
16 165 279 202 301 239 64 280 2 216 319 196 228 237 245 37 365 
16 41 104 293 300 346 55 242 188 190 109 123 299 217 254 359 128 
10 198 214 125 156 1 294 260 326 269 95 
11 316 30 141 287 232 302 18 337 267 23 89 
15 278 131 115 143 272 345 5 189 153 200 33 329 323 75 84 
14 79 86 21 163 201 193 320 324 10 263 270 47 286 362 
12 110 258 358 155 274 305 24 137 48 369 107 312 
7 102 62 330 150 213 277 255 
8 309 230 273 170 117 46 127 81 
15 248 176 184 98 134 59 360 91 14 182 92 303 327 28 306 
13 179 186 215 350 132 152 325 366 93 307 235 49 354 
8 315 219 181 166 138 220 140 246 
9 82 289 73 252 209 74 304 204 36 
7 288 247 19 211 90 145 144 
9 353 276 12 57 63 173 157 26 336 
4 22 292 77 174 
2 120 342 
4 27 177 142 31 
4 225 229 367 185 
1 52 
3 236 178 313 
40
8 362 148 262 232 115 446 154 307 
11 210 462 216 219 364 173 330 405 209 441 342 
12 54 111 159 64 344 5 390 311 257 349 17 44 
13 259 206 86 52 338 427 281 152 339 267 332 185 261 
17 90 380 295 341 417 360 74 157 429 358 431 300 39 164 122 160 161 
13 398 465 292 443 127 329 169 350 331 180 413 62 114 
16 411 249 326 1 450 130 129 343 270 201 395 80 70 381 4 20 
16 263 165 38 423 93 438 217 92 403 218 229 183 202 73 234 294 
14 87 136 153 132 255 16 282 203 320 415 286 193 359 274 
16 97 141 112 144 238 174 243 291 372 7 116 327 223 454 456 78 
16 280 155 14 370 19 184 67 182 425 175 228 328 353 376 83 199 
11 246 176 137 22 101 346 250 214 302 215 178 
14 76 260 233 275 244 212 351 28 382 265 325 220 419 373 
16 392 96 32 430 10 15 309 27 272 371 63 25 118 23 396 253 
13 98 293 455 99 91 103 296 279 51 416 110 88 369 
16 436 143 166 258 298 334 245 324 242 284 452 239 207 77 82 41 
16 459 356 352 84 264 273 138 289 146 453 297 21 181 79 227 48 
10 226 131 394 241 428 377 367 366 410 440 
11 123 61 140 8 335 466 33 347 306 50 408 
17 319 45 42 117 310 439 36 172 95 303 37 337 11 125 318 287 276 
17 198 12 134 167 119 345 399 393 254 414 290 18 60 195 304 237 355 
17 368 147 13 65 94 240 192 467 197 179 235 357 31 47 26 442 121 
15 189 208 268 211 162 389 236 449 46 422 58 383 53 231 333 
17 30 385 100 188 305 248 108 418 321 421 72 142 433 40 301 85 57 
12 361 225 128 113 407 102 150 424 104 336 432 283 
10 163 69 426 406 322 266 9 200 133 186 
12 374 375 445 145 75 314 365 384 256 252 187 299 
12 444 288 34 126 68 317 109 156 315 323 170 81 
11 151 191 378 313 177 124 386 230 401 3 35 
8 107 308 205 420 168 340 461 397 
13 285 277 56 437 194 379 412 404 269 190 251 43 463 
8 354 447 106 316 66 89 105 213 
8 2 464 278 434 409 71 224 451 
6 149 49 24 204 400 55 
5 247 271 391 457 312 
9 222 348 402 221 388 29 171 448 363 
4 6 158 196 120 
4 435 387 59 135 
2 460 458 
1 139 
40
12 152 71 409 340 129 287 374 221 326 355 261 136 
13 5 211 448 226 76 244 169 475 380 178 348 439 525 
16 328 142 317 283 64 174 232 554 156 319 18 395 489 453 361 127 
13 230 536 42 16 461 442 218 272 179 401 215 227 352 
20 334 524 188 385 443 31 144 541 379 542 62 73 220 256 446 214 368 113 249 132 
18 469 383 184 479 52 428 506 473 546 24 30 429 420 89 445 206 203 208 
15 478 520 302 496 547 207 107 487 433 224 65 190 455 91 465 
16 375 427 177 325 43 555 212 494 160 9 145 472 187 464 110 422 
20 521 451 149 367 237 34 154 55 288 53 339 172 38 377 556 434 370 320 308 70 
18 294 332 482 93 33 280 195 90 100 503 344 405 47 209 388 528 323 337 
16 194 10 458 44 138 357 540 447 83 19 201 470 512 529 305 553 
19 114 286 463 411 435 210 531 258 498 416 423 225 40 282 515 493 11 269 204 
19 111 444 502 486 7 186 523 354 353 124 452 250 51 95 392 234 312 98 106 
19 56 271 341 185 338 216 432 102 12 324 510 20 318 530 36 146 295 333 143 
20 346 118 311 436 2 69 450 167 513 378 213 309 80 362 298 147 419 175 544 329 
24 66 189 516 514 22 171 3 484 162 549 103 394 456 79 537 526 310 304 363 180 551 105 535 400 
19 421 480 488 389 87 109 533 257 331 518 495 268 96 307 32 153 426 527 247 
21 358 50 141 68 290 330 104 46 246 97 78 476 241 148 306 205 262 182 386 254 159 
21 123 373 120 365 191 349 345 342 441 449 117 381 99 517 292 259 202 219 336 6 364 
17 438 485 193 467 158 1 471 281 140 539 94 233 492 163 500 181 274 
17 532 157 315 58 116 239 198 236 387 393 279 534 431 289 430 223 165 
15 260 372 217 398 508 228 402 412 84 74 538 235 8 454 121 
11 75 222 37 407 139 437 519 168 504 369 417 
12 173 284 176 356 101 321 170 316 424 21 253 28 
10 460 313 72 285 183 128 497 543 390 511 
12 335 23 135 552 60 63 347 264 545 267 25 300 
14 151 248 92 351 200 491 131 440 41 161 505 350 49 474 
12 507 17 122 59 125 192 384 314 413 327 548 229 
14 415 112 108 376 477 404 322 255 399 35 197 130 462 81 
13 277 408 115 245 550 366 164 4 14 166 240 481 231 
14 77 397 88 403 301 418 45 270 410 29 466 85 266 293 
12 263 119 27 509 278 501 459 360 48 297 238 133 
10 296 252 15 468 299 275 291 243 150 265 
12 39 396 126 57 382 483 54 273 82 414 359 303 
4 26 490 86 251 
8 134 522 276 67 61 457 406 196 
5 155 391 343 13 199 
2 137 499 
2 425 371 
1 242 
45
7 277 519 428 275 564 422 480 
7 206 232 217 288 357 172 475 
12 251 239 340 219 28 70 40 77 278 159 171 413 
14 433 356 389 601 285 541 210 269 622 589 126 465 486 590 
12 282 484 380 270 409 447 534 537 328 401 633 8 
17 204 27 122 121 511 497 230 423 139 292 522 360 301 289 299 490 496 
21 321 608 370 183 65 302 372 225 156 453 42 68 353 510 563 327 429 463 610 32 174 
22 577 24 374 263 293 483 467 253 432 224 638 644 543 470 170 417 464 591 457 525 418 548 
20 213 218 482 363 485 587 85 477 124 119 231 55 209 539 404 575 487 244 473 635 
16 641 535 402 531 330 196 579 620 600 48 16 396 152 476 441 208 
18 29 13 98 229 38 135 216 617 97 452 62 346 500 80 102 257 337 84 
16 603 297 523 333 243 335 9 141 175 130 151 583 104 605 195 604 
24 420 410 128 375 211 67 546 306 506 264 430 533 611 394 518 309 571 634 602 181 227 527 615 303 
22 47 214 82 368 212 255 193 64 395 628 399 134 434 205 341 106 46 359 91 153 460 233 
25 515 4 241 202 161 73 160 112 76 43 36 494 567 163 305 606 87 455 69 166 260 313 616 407 132 
19 442 169 498 469 123 223 88 199 599 240 450 117 512 291 315 93 30 143 276 
21 639 109 444 499 201 516 449 279 554 63 362 376 458 138 419 640 614 103 392 361 570 
25 41 581 120 493 415 56 431 247 426 154 569 165 101 235 186 200 400 584 578 17 630 381 385 261 491 
22 226 228 179 155 45 95 369 551 438 350 339 254 481 629 388 283 421 197 504 507 215 379 
28 107 60 57 140 552 194 550 92 627 342 304 414 146 514 44 576 508 405 81 448 349 526 623 189 573 322 311 142 
19 262 461 318 624 308 355 252 133 184 6 625 7 562 168 246 180 110 26 503 
19 74 10 111 11 86 348 300 593 358 22 373 116 416 94 542 459 256 411 566 
17 382 14 637 371 329 397 408 125 198 560 631 488 317 188 344 636 530 
16 462 446 147 96 532 266 588 145 479 19 568 178 237 613 203 148 
19 367 21 489 259 557 572 307 403 378 15 471 99 78 127 167 412 529 643 437 
18 472 173 245 53 5 354 37 586 505 580 1 71 595 445 265 474 190 248 
20 176 319 456 271 561 559 553 517 478 621 162 468 221 383 565 144 234 424 547 521 
17 555 607 334 118 236 406 258 177 108 436 295 391 90 386 136 287 157 
12 114 286 61 158 113 220 129 268 332 398 574 594 
12 164 513 75 439 191 556 3 454 249 294 34 272 
9 25 316 242 325 585 284 492 66 185 
13 35 250 365 544 280 549 20 524 58 79 495 393 364 
15 387 509 274 18 23 596 451 54 377 582 443 89 33 336 207 
11 324 558 320 390 192 323 83 150 545 50 598 
9 502 59 267 343 182 632 345 351 440 
8 338 115 427 626 612 105 312 540 
7 352 609 273 131 597 331 39 
4 12 100 619 425 
7 72 296 310 49 51 592 314 
6 528 187 466 2 435 149 
8 536 326 538 618 238 366 281 31 
3 520 290 501 
4 137 298 52 384 
2 347 222 
1 642 
45
9 221 113 729 537 377 675 629 687 106 
9 491 49 466 351 316 61 235 399 370 
14 509 252 654 395 618 193 107 726 120 450 368 121 490 158 
15 507 293 302 527 69 505 192 661 114 28 110 285 3 437 45 
23 670 226 660 713 443 21 116 515 658 656 210 587 686 422 479 64 84 611 427 569 555 709 135 
18 420 265 366 637 604 485 126 227 548 176 145 271 168 142 85 73 247 412 
12 224 639 617 572 724 677 41 398 498 684 520 288 
18 132 173 337 365 380 593 530 68 315 183 39 651 103 78 25 279 379 122 
16 197 249 649 497 583 517 504 300 309 493 678 585 43 97 523 172 
21 184 314 473 294 361 435 362 403 657 529 431 217 323 419 159 100 8 489 606 308 382 
20 543 179 186 592 469 524 545 680 482 700 229 595 321 666 51 77 65 189 369 705 
21 248 74 457 364 276 149 335 728 392 236 305 209 385 348 441 381 290 703 383 560 632 
21 371 502 133 480 239 263 205 250 513 620 34 86 199 244 23 162 586 676 495 75 102 
22 508 697 652 128 732 494 118 511 36 492 542 402 22 9 287 177 496 99 405 318 667 688 
23 169 648 18 521 413 94 540 332 695 144 591 190 609 147 712 389 407 730 551 266 376 80 329 
18 194 312 220 659 275 394 608 564 259 439 367 304 104 388 31 701 11 211 
25 26 625 254 693 650 580 481 499 333 557 615 487 717 14 57 576 408 253 721 519 598 359 182 547 643 
23 138 320 91 581 166 167 358 148 2 299 711 187 88 350 306 1 200 673 716 56 672 112 401 
21 552 307 384 622 185 201 82 624 66 67 665 251 343 243 442 52 623 664 462 356 731 
18 136 714 292 414 619 354 603 488 6 607 5 124 349 134 710 29 642 81 
19 291 570 344 269 355 181 92 255 60 475 283 7 423 390 231 53 48 655 207 
18 215 588 461 339 722 612 534 594 40 464 558 137 130 289 242 433 536 178 
24 653 727 346 430 327 579 532 578 602 295 448 19 468 568 449 326 668 119 37 663 723 237 324 708 
22 699 396 719 375 4 707 174 627 89 212 416 117 261 195 341 105 352 246 98 715 436 228 
24 410 445 432 463 575 478 600 472 238 310 125 415 506 338 516 640 565 720 313 522 647 698 42 553 
22 526 241 440 170 296 503 573 13 191 417 694 455 208 451 484 163 154 538 127 641 270 17 
28 704 143 95 331 274 340 203 109 404 35 691 669 317 268 626 72 454 363 267 301 574 16 155 372 426 400 444 644 
20 20 62 280 286 689 645 628 662 90 38 139 549 718 477 111 446 160 58 429 559 
20 486 696 679 387 297 671 353 257 347 10 601 32 674 240 150 15 233 180 129 681 
20 123 46 438 561 282 47 690 706 258 146 613 421 546 50 131 222 153 374 692 219 
18 589 230 281 206 535 452 590 460 682 115 278 467 424 411 157 101 256 634 
17 216 531 33 447 12 345 563 614 567 418 406 453 528 582 512 425 605 
15 93 518 562 44 733 54 213 533 171 630 357 428 245 204 71 
16 391 272 63 683 234 277 556 635 156 188 610 70 510 322 483 196 
13 161 465 264 646 596 459 141 597 319 638 725 30 218 
14 303 476 83 24 550 577 325 198 59 474 616 514 202 284 
10 334 298 434 554 214 566 260 621 55 541 
9 393 27 631 330 470 539 342 165 501 
7 262 458 223 87 96 584 373 
6 636 702 456 108 328 225 
7 599 152 76 409 79 151 164 
4 500 386 544 273 
6 140 311 571 633 360 232 
4 525 336 397 471 
3 378 175 685 
52
6 327 639 315 524 316 325 
9 625 689 222 686 156 342 488 337 554 
6 799 349 38 660 263 122 
13 525 497 642 678 50 734 373 258 392 472 652 331 551 
19 265 234 632 581 361 462 542 746 604 294 112 681 790 287 637 313 272 528 744 
13 798 507 696 469 36 589 137 597 787 443 374 504 821 
20 409 385 45 612 661 21 329 781 416 200 722 389 111 47 393 18 517 358 314 502 
14 391 88 796 147 490 105 196 714 688 369 85 80 353 64 
19 352 559 719 201 668 250 135 420 743 685 9 500 8 571 324 609 418 772 121 
15 792 766 73 489 804 189 221 476 195 501 41 521 83 527 262 
21 721 568 309 148 289 119 76 676 784 570 52 159 594 166 16 572 297 654 419 34 248 
17 184 695 475 236 270 285 710 54 622 763 822 449 326 818 344 357 380 
22 533 384 394 491 712 587 284 729 470 375 560 811 239 549 372 104 120 59 655 720 417 483 
20 505 206 204 579 378 152 169 415 692 820 709 24 179 427 362 153 702 11 20 414 
19 816 56 801 706 438 665 687 12 520 441 575 485 30 280 565 451 335 360 471 
26 452 62 303 217 546 585 401 630 3 599 619 641 182 496 569 762 540 74 727 607 29 588 219 454 28 670 
27 531 725 423 428 15 736 617 308 458 673 173 199 466 556 745 114 592 283 605 226 32 176 7 658 723 348 477 
25 213 306 188 432 209 161 117 764 322 162 207 300 220 356 55 336 635 339 742 231 694 548 636 480 812 
29 86 216 662 453 669 679 643 603 646 739 252 291 577 102 338 109 752 613 245 96 755 379 116 431 172 238 412 595 754 
26 70 751 230 144 320 760 584 81 638 510 780 644 334 305 802 78 396 61 330 456 57 803 683 564 350 240 
23 776 640 157 128 671 177 770 586 215 735 558 765 711 777 805 421 439 411 355 576 257 530 51 
17 368 143 547 103 359 49 457 214 552 242 767 371 400 210 682 705 704 
19 193 97 107 68 124 708 444 278 310 730 276 183 741 298 253 365 75 578 346 
22 626 698 468 518 666 82 536 461 677 499 484 376 550 424 208 178 649 307 675 788 615 13 
22 732 175 448 67 465 408 602 141 620 14 611 158 382 151 522 618 256 275 566 506 395 557 
21 399 591 299 17 761 413 628 699 340 99 817 259 663 35 814 573 160 383 813 713 136 
24 749 606 716 434 190 455 664 567 728 170 774 19 318 229 260 223 312 482 450 590 406 296 98 545 
21 197 633 726 684 321 39 22 563 94 246 167 390 171 794 351 515 596 48 529 235 459 
19 539 481 446 304 486 508 718 194 498 580 715 6 37 656 422 463 164 425 364 
18 614 437 757 511 72 700 58 115 403 647 233 778 110 333 142 624 126 247 
23 534 797 789 282 756 101 724 561 467 118 301 271 292 737 519 60 42 809 493 129 63 807 25 
15 269 474 274 286 266 92 795 46 100 211 610 815 381 261 366 
19 241 187 672 707 237 341 430 691 293 402 775 154 347 479 145 535 386 407 31 
17 574 84 516 198 623 598 442 526 523 2 77 71 43 398 819 631 674 
14 473 181 243 268 492 388 139 478 168 733 810 363 785 87 
13 541 228 555 657 514 653 750 203 806 460 436 186 783 
13 768 667 433 224 377 155 130 89 134 108 753 106 323 
17 1 290 495 759 165 65 27 487 494 582 629 5 254 33 174 66 731 
9 608 503 703 319 697 367 509 249 125 
11 747 397 786 40 251 79 405 464 44 769 90 
15 600 621 273 370 212 202 267 232 163 264 651 328 255 758 227 
14 512 279 779 354 225 538 690 185 345 53 131 513 793 404 
11 146 738 771 593 583 650 693 281 800 717 645 
8 133 680 553 532 205 93 659 113 
4 429 149 627 332 
8 740 701 26 192 191 302 23 445 
5 562 132 317 10 748 
9 634 616 435 543 123 773 4 447 138 
8 180 244 537 440 277 95 544 288 
9 127 601 218 295 140 91 791 782 150 
4 311 387 69 343 
4 648 426 808 410 
54
9 174 610 292 516 235 873 681 615 495 
10 807 227 287 357 168 702 549 80 332 530 
10 734 247 892 100 717 877 305 173 631 118 
12 497 592 852 293 165 448 106 70 433 72 622 678 
15 483 269 393 695 151 804 737 98 243 535 418 726 824 187 159 
15 209 455 815 900 607 35 426 790 58 382 767 308 295 202 335 
10 271 105 74 138 579 341 237 324 57 904 
18 840 429 286 75 719 768 224 876 499 250 822 1 87 432 590 136 7 212 
20 185 350 236 64 736 205 829 339 510 515 333 52 37 712 315 242 602 577 313 50 
15 442 844 179 541 143 9 744 629 842 742 32 563 847 342 397 
18 688 380 338 638 658 534 796 562 346 613 201 554 352 855 889 733 528 412 
27 133 474 198 252 406 573 595 903 109 775 482 108 376 882 444 875 421 365 655 435 624 81 312 817 68 710 832 
26 830 731 123 417 334 885 818 879 368 809 124 506 385 673 558 274 869 222 460 194 77 517 555 431 214 244 
22 888 408 531 518 113 146 860 183 29 738 328 153 581 657 583 866 177 4 849 156 708 374 
21 298 513 419 521 282 821 751 127 20 793 451 377 675 725 347 512 164 114 54 574 281 
24 586 480 155 816 478 14 85 270 317 634 356 779 582 107 440 450 722 427 90 698 410 122 601 533 
21 691 219 423 626 238 556 644 696 523 650 587 635 121 310 15 196 837 546 470 672 297 
23 503 724 44 139 654 337 799 493 402 213 428 186 140 464 17 566 468 125 887 716 467 371 445 
19 694 667 891 84 806 233 225 598 154 780 808 576 413 699 811 740 200 761 639 
24 538 216 754 22 856 772 584 769 623 420 434 157 514 309 835 184 862 285 858 152 785 316 477 12 
23 605 604 203 565 797 294 498 28 608 479 653 110 632 561 802 104 211 522 161 778 218 557 256 
33 178 404 525 827 228 616 254 472 911 760 91 643 361 752 439 48 383 803 437 570 476 841 550 401 750 82 55 119 226 596 381 682 458 
22 351 115 507 302 403 551 825 871 781 776 774 814 670 758 5 62 272 284 320 208 180 773 
20 181 345 192 372 771 485 39 304 329 674 520 854 462 279 103 318 692 575 301 253 
23 189 40 436 729 755 489 266 144 782 730 195 707 8 890 660 149 207 349 617 567 560 621 452 
27 300 61 33 175 881 593 843 51 739 150 693 424 746 647 795 492 25 30 874 704 545 543 872 720 846 43 727 
29 909 389 197 453 367 378 481 65 812 500 509 701 69 864 95 220 267 314 685 648 141 13 407 651 415 687 532 810 786 
26 542 572 705 145 399 142 362 167 898 901 265 241 311 800 792 391 791 221 16 384 473 502 449 665 466 210 
30 833 264 2 283 646 398 447 66 578 409 789 379 527 93 137 597 764 735 784 262 609 588 640 273 306 45 662 630 899 490 
33 248 713 853 147 859 743 79 245 484 223 652 126 443 120 794 49 910 690 564 748 519 336 239 757 215 56 131 732 689 656 128 861 88 
26 327 41 834 117 386 552 895 10 625 721 831 845 263 278 191 400 465 709 454 819 170 169 348 99 231 446 
21 848 544 787 116 649 770 101 321 217 902 206 360 204 798 63 456 422 589 27 666 251 
18 86 6 548 547 763 865 229 275 405 26 291 762 669 907 511 585 11 76 
18 47 277 553 129 319 326 259 388 459 805 288 280 488 190 193 132 642 568 
15 494 135 290 475 868 539 700 703 870 627 645 486 599 777 24 
27 820 728 633 611 603 102 766 78 463 97 230 659 741 838 697 111 430 759 323 42 38 723 188 438 749 618 668 
18 322 21 501 614 637 364 905 664 683 880 257 373 59 234 31 756 540 261 
14 884 896 23 331 182 340 83 886 594 686 19 71 661 46 
16 355 134 343 289 36 836 628 53 441 411 487 353 92 369 783 258 
11 867 677 569 246 641 89 171 765 606 73 395 
7 94 883 457 491 620 823 619 
13 471 160 461 747 296 671 580 414 359 591 199 163 711 
10 636 706 788 67 18 394 358 166 753 96 
13 162 325 354 176 850 505 366 863 529 249 894 826 60 
11 524 801 396 663 240 260 571 612 684 600 536 
13 232 387 303 255 375 130 908 268 307 679 392 469 714 
9 828 158 745 112 363 878 504 715 526 
9 680 299 330 34 276 857 676 893 718 
5 508 813 3 344 559 
4 906 416 172 537 
2 148 390 
4 496 851 839 370 
1 425 
1 897 
54
7 927 917 595 907 420 206 909 
6 48 172 497 473 417 916 
11 456 640 355 308 347 436 548 398 698 26 672 
19 881 218 211 150 253 908 650 691 873 486 747 523 871 710 148 360 870 991 263 
21 746 133 252 574 261 572 68 238 431 582 485 340 250 836 408 629 103 369 9 402 840 
18 328 921 446 275 363 660 659 199 923 100 756 12 260 778 73 903 495 636 
22 65 40 946 329 793 268 467 808 186 31 380 898 827 966 788 230 960 829 169 817 609 29 
25 585 911 856 798 338 136 158 814 918 454 342 740 761 760 197 38 604 867 200 112 805 708 803 140 333 
20 934 49 180 578 680 457 834 986 947 242 751 692 337 642 349 989 277 819 2 589 
21 784 900 984 971 70 530 110 849 957 476 346 483 885 191 460 43 545 330 969 985 888 
23 500 891 951 512 165 15 53 854 366 265 201 886 84 857 271 794 633 623 937 617 86 732 364 
25 196 423 217 855 555 953 655 264 160 379 314 656 611 397 501 877 581 324 744 786 848 964 306 274 997 
18 362 146 831 882 765 711 89 153 924 174 782 356 674 649 235 681 445 177 
25 513 124 101 996 176 973 299 269 323 899 514 118 833 35 531 256 994 781 587 723 714 702 3 666 943 
20 137 941 772 734 768 325 605 331 236 478 806 415 693 139 685 463 796 518 797 438 
27 932 484 62 341 344 560 108 705 643 850 980 664 98 283 998 50 690 181 36 571 913 412 700 276 479 41 661 
24 847 458 653 618 318 922 151 616 227 244 142 178 663 469 30 94 930 526 749 392 828 311 298 584 
19 665 875 869 373 731 282 539 770 769 880 569 811 718 83 302 614 388 839 468 
21 224 701 987 335 627 295 551 433 949 905 182 706 69 74 272 273 652 51 517 521 634 
22 502 5 745 906 348 85 474 343 91 920 493 231 975 809 466 327 776 750 34 45 766 883 
29 662 515 377 645 97 59 23 229 427 639 383 800 556 430 824 737 992 72 317 596 190 115 292 168 564 752 439 332 775 
30 624 511 658 673 354 289 494 374 195 688 651 646 233 790 990 154 602 842 498 594 11 931 451 249 246 522 858 722 207 120 
28 71 978 173 810 414 351 319 450 552 241 566 188 541 843 119 189 641 561 459 87 774 376 945 621 689 894 266 361 
31 818 66 619 716 537 442 19 326 505 405 280 375 131 506 138 187 322 599 577 591 562 959 203 102 293 715 37 208 472 212 892 
27 901 475 464 625 789 130 669 851 527 874 396 307 107 613 933 44 887 586 406 928 56 390 668 296 183 339 309 
29 628 111 754 155 935 386 209 890 970 762 80 404 194 525 20 753 440 198 367 480 707 350 826 425 216 567 865 105 149 
27 400 825 995 359 441 114 407 214 507 520 807 312 554 632 496 812 940 863 853 667 239 152 816 977 234 866 225 
21 372 95 606 695 222 553 287 524 121 592 220 270 948 127 981 384 135 81 879 603 129 
25 593 972 64 419 61 697 449 421 193 767 175 757 358 60 504 884 508 134 601 232 75 428 728 720 519 
25 52 490 455 860 838 13 47 93 226 999 729 82 228 573 600 21 352 162 896 315 28 694 637 813 237 
21 279 676 221 159 780 787 703 580 499 684 738 378 57 942 104 223 46 156 334 288 471 
22 549 988 644 845 983 963 954 166 432 117 192 389 962 755 893 791 391 42 944 557 590 559 
19 7 371 370 936 368 758 10 724 161 1000 254 413 147 868 719 387 205 437 795 
22 713 4 487 258 822 27 536 743 58 1 709 610 434 914 741 733 24 290 462 219 426 635 
18 965 919 55 631 929 939 78 16 544 588 179 300 491 418 215 777 801 14 
19 409 534 583 448 126 852 626 538 961 952 122 735 540 926 726 783 575 529 92 
18 696 821 301 422 145 157 132 141 257 861 185 382 622 245 568 488 546 699 
18 76 99 336 895 184 648 123 955 535 968 686 394 210 779 799 773 39 443 
19 677 357 528 204 570 675 679 170 638 862 683 393 381 950 912 607 106 316 938 
19 510 88 671 79 872 717 704 435 736 597 345 615 25 620 864 764 291 171 294 
19 399 647 63 925 164 910 447 830 128 109 503 8 305 90 267 353 444 832 550 
20 876 547 401 958 243 213 904 259 96 416 297 725 742 303 804 802 403 453 33 835 
13 67 411 563 477 982 202 748 163 785 321 255 18 144 
13 670 558 470 878 579 993 481 727 565 612 365 465 77 
13 284 976 424 304 837 763 792 915 516 897 712 815 608 
10 262 841 759 820 598 167 844 687 492 320 
12 248 721 630 452 482 576 251 543 542 313 533 116 
10 979 410 278 657 6 240 739 956 682 247 
7 846 429 143 532 771 113 281 
5 974 889 654 32 285 
6 730 823 17 395 859 509 
4 54 125 286 22 
4 902 461 489 310 
3 967 385 678 
