5
4 4 10 8 5 
5 9 11 7 15 6 
6 17 20 18 14 2 19 
4 1 3 16 12 
1 13 
29
1 10 
1 20 
1 12 
1 21 
1 24 
1 1 
1 15 
1 11 
1 13 
1 14 
1 3 
1 23 
1 29 
1 6 
1 7 
1 2 
1 27 
1 26 
1 17 
1 25 
1 19 
1 18 
1 5 
1 4 
1 8 
1 28 
1 22 
1 16 
1 9 
6
32 25 8 33 35 24 10 21 28 12 38 32 7 23 22 2 5 6 16 13 11 4 26 27 18 34 31 1 36 15 9 14 30 
2 19 17 
1 29 
1 3 
1 20 
1 37 
41
1 8 
1 3 
1 29 
1 19 
1 23 
1 28 
1 16 
3 21 39 12 
1 11 
1 1 
3 14 32 46 
1 7 
1 26 
1 38 
1 44 
1 30 
1 24 
1 40 
1 25 
1 6 
1 34 
1 10 
1 4 
1 18 
1 41 
1 2 
1 33 
1 5 
1 35 
1 20 
1 43 
1 15 
3 42 22 17 
1 36 
1 37 
1 45 
1 47 
1 31 
1 27 
1 9 
1 13 
7
44 26 40 33 56 24 30 35 19 11 16 9 34 12 18 23 55 20 22 37 48 54 2 1 41 45 31 7 5 52 28 6 29 27 25 47 14 32 39 49 4 53 43 15 51 
2 8 17 
2 42 21 
2 13 50 
2 3 46 
2 44 10 
2 38 36 
14
3 26 14 9 
6 58 39 57 63 13 30 
5 64 22 60 48 1 
6 31 3 32 15 56 19 
6 20 27 44 8 61 36 
4 43 38 24 11 
6 4 49 16 50 2 18 
5 17 53 23 54 45 
6 42 34 10 55 25 59 
5 62 41 33 40 5 
3 51 29 46 
5 37 52 7 35 6 
2 21 47 
2 12 28 
73
1 37 
1 46 
1 43 
1 53 
1 25 
1 8 
1 14 
1 64 
1 41 
1 69 
1 31 
1 28 
1 61 
1 60 
1 73 
1 3 
1 47 
1 18 
1 58 
1 4 
1 5 
1 27 
1 7 
1 57 
1 65 
1 22 
1 29 
1 49 
1 72 
1 52 
1 13 
1 67 
1 19 
1 32 
1 42 
1 34 
1 21 
1 63 
1 66 
1 48 
1 16 
1 12 
1 24 
1 38 
1 62 
1 50 
1 6 
1 2 
1 54 
1 45 
1 59 
1 35 
1 39 
1 33 
1 40 
1 9 
1 56 
1 10 
1 71 
1 11 
1 36 
1 51 
1 1 
1 55 
1 30 
1 15 
1 17 
1 23 
1 44 
1 20 
1 68 
1 70 
1 26 
68
1 24 
1 69 
1 64 
1 3 
3 72 79 58 
1 40 
1 10 
1 65 
1 78 
1 19 
1 70 
1 18 
1 61 
2 82 9 
1 50 
1 13 
1 77 
1 43 
1 63 
3 29 46 41 
1 8 
1 74 
1 66 
1 22 
1 53 
3 12 60 7 
1 42 
1 47 
1 68 
1 36 
1 5 
1 62 
1 38 
1 1 
1 14 
1 59 
1 2 
3 26 54 16 
1 56 
1 17 
1 32 
1 51 
1 80 
3 73 45 15 
1 48 
1 23 
1 52 
1 39 
2 57 76 
1 28 
1 25 
1 34 
1 20 
1 81 
1 30 
3 49 27 67 
1 4 
1 75 
1 6 
1 55 
1 33 
1 37 
1 11 
1 31 
1 21 
1 71 
1 44 
1 35 
8
8 29 26 39 3 47 65 56 86 
20 46 12 25 54 8 71 7 22 49 45 70 55 13 62 57 36 87 28 4 15 
30 41 11 77 38 9 52 34 68 48 75 24 83 66 88 23 30 82 50 64 16 90 67 2 19 17 76 74 60 79 59 
27 37 1 58 14 42 91 63 31 40 69 73 72 33 53 35 81 44 51 27 78 32 6 20 61 5 85 18 
2 10 84 
1 43 
2 89 21 
1 80 
17
5 33 78 92 18 86 
6 58 46 95 31 81 8 
6 94 63 45 85 5 54 
7 80 52 40 41 24 74 77 
5 50 82 79 20 3 
5 32 100 57 27 47 
7 90 44 55 64 37 38 88 
7 36 7 48 23 9 28 99 
5 1 56 53 26 65 
9 70 17 75 11 89 59 91 13 39 
8 35 16 21 96 67 2 72 87 
8 25 49 10 22 30 19 69 15 
6 34 42 51 66 4 61 
4 14 29 76 43 
5 60 97 98 68 84 
4 83 62 93 12 
3 6 71 73 
