1000
67 83 21
30 94 18
97 24 78
78 53 78
59 46 2
13 17 1
68 31 60
79 8 72
81 88 84
54 8 62
11 60 98
49 11 58
96 44 13
28 62 38
58 63 62
99 8 69
60 5 38
12 100 82
73 29 39
77 75 53
1 45 6
59 8 29
52 68 7
55 98 32
41 5 75
23 17 75
26 20 90
93 21 57
66 75 25
33 44 96
50 96 59
42 93 80
100 26 16
85 16 71
99 61 22
55 71 19
97 76 47
76 47 70
30 15 68
30 61 23
12 72 15
2 21 41
54 84 77
28 2 36
90 77 46
88 98 52
28 53 36
83 25 47
26 7 46
17 53 33
19 41 36
43 24 79
67 45 84
38 13 25
38 91 22
77 31 9
98 41 60
31 20 6
76 77 73
33 60 68
37 54 52
73 44 1
23 3 100
61 9 64
60 98 27
69 3 81
74 32 14
48 86 21
61 11 30
60 34 72
100 91 42
37 17 62
44 19 7
16 39 79
100 66 13
17 31 57
71 75 25
23 79 47
96 23 25
51 52 94
57 71 100
7 38 80
84 58 8
6 90 7
64 25 83
26 57 61
14 63 94
59 60 85
78 28 15
36 12 28
57 76 70
75 71 84
77 28 9
24 8 15
98 39 27
75 36 52
56 92 59
59 75 32
31 15 100
76 9 32
61 38 36
56 35 42
14 19 22
4 87 25
56 91 37
72 98 89
1 42 57
36 86 34
0 20 25
58 36 22
16 66 96
43 44 59
18 69 54
31 90 6
86 92 88
79 70 92
84 38 75
62 17 11
100 54 94
99 70 27
84 26 67
44 88 41
21 6 39
34 44 71
54 83 44
83 45 78
15 27 85
96 33 27
98 13 29
91 24 30
64 70 73
43 9 84
31 86 25
62 86 17
59 82 94
60 86 100
95 20 58
5 34 58
24 81 77
13 15 75
67 54 42
79 87 63
80 53 38
0 20 21
0 53 42
20 98 70
86 25 64
0 33 60
56 84 29
1 90 31
80 15 95
54 47 14
3 19 75
10 5 43
59 19 85
55 3 20
16 12 2
7 13 7
21 80 63
3 31 48
77 88 1
0 2 42
97 61 94
21 66 14
91 59 33
55 68 37
95 59 36
5 36 8
61 34 14
73 66 59
34 26 6
23 7 39
37 24 17
55 36 81
57 75 37
32 71 93
34 85 73
1 69 27
9 70 2
1 28 70
0 39 48
94 41 86
48 100 7
31 80 31
5 85 97
70 16 5
95 82 27
55 4 97
65 77 76
99 60 89
66 30 100
68 63 40
100 91 95
31 11 98
12 7 78
68 88 5
72 21 28
76 87 22
83 12 56
99 97 98
44 52 32
43 82 18
69 39 59
36 64 15
95 44 79
2 77 57
41 85 26
17 63 22
16 93 89
55 32 37
77 91 2
86 15 32
54 99 95
61 88 67
63 39 40
1 55 20
74 3 72
23 7 3
75 93 5
38 86 11
76 5 76
36 69 53
38 36 53
91 9 77
12 39 71
86 89 75
39 42 75
17 69 21
58 20 9
42 12 84
94 24 53
66 17 16
95 92 84
51 76 26
27 6 1
72 84 72
66 16 67
79 12 10
96 100 18
30 44 90
56 30 6
97 87 65
78 12 41
0 10 42
73 100 14
37 65 24
50 82 26
67 67 62
83 83 38
41 67 73
67 1 56
44 26 6
18 82 44
34 92 25
100 89 79
87 70 20
32 68 96
43 89 76
55 77 36
73 94 6
34 29 37
96 2 72
99 91 5
25 76 48
0 42 24
63 74 95
47 25 9
92 82 14
61 11 97
57 58 89
90 69 64
25 43 87
62 17 79
11 72 92
54 36 40
100 89 76
51 9 46
87 93 35
5 47 66
67 43 16
34 98 65
54 84 33
37 2 41
31 11 66
90 70 34
47 8 15
15 19 12
84 90 1
98 69 74
63 47 47
60 4 61
0 34 29
18 57 73
46 69 58
49 78 52
54 69 77
16 53 10
100 35 40
50 66 61
32 27 27
76 27 10
1 73 59
9 72 95
98 28 93
93 79 38
54 31 99
29 42 62
93 40 71
69 82 83
16 20 13
77 89 85
99 70 86
74 13 7
19 61 77
22 61 99
52 37 89
71 87 7
8 20 80
44 62 13
62 44 84
74 92 31
30 9 85
7 55 85
8 78 93
5 20 37
30 57 67
90 98 72
26 2 42
76 41 73
27 97 67
4 17 11
100 33 89
34 15 71
85 13 84
38 92 85
34 29 29
65 77 35
11 5 82
19 87 86
33 36 11
64 96 55
44 5 97
2 94 46
44 27 57
78 92 39
67 43 20
24 26 19
47 39 84
66 43 12
34 72 75
75 83 75
3 75 98
67 48 15
90 22 23
77 18 99
79 100 64
63 73 6
73 60 73
16 79 40
77 97 48
28 11 21
25 69 7
21 81 30
8 59 6
4 57 29
5 66 37
18 18 95
25 18 17
9 67 98
20 28 98
95 29 87
32 81 7
75 2 67
81 45 30
6 90 18
50 91 58
47 27 8
37 43 86
29 16 45
69 74 98
91 2 12
80 33 25
72 40 83
100 45 18
39 5 38
6 54 76
43 81 99
44 35 57
71 28 4
75 91 13
87 47 83
63 75 34
28 95 98
100 60 84
43 30 26
98 22 42
45 12 15
32 47 87
46 74 16
52 23 15
94 30 1
77 41 62
41 20 71
96 46 9
78 28 94
93 68 55
22 41 17
45 38 11
75 53 41
52 60 75
70 100 38
89 48 41
63 38 11
73 4 82
57 92 78
69 26 21
49 35 2
66 96 69
100 74 54
86 67 92
47 88 38
70 59 36
19 32 19
13 55 55
53 92 12
80 80 99
79 4 33
2 48 25
13 9 61
24 84 57
77 67 94
45 39 5
55 55 17
45 58 69
78 31 43
42 93 63
10 33 56
54 12 86
77 83 32
43 86 20
42 65 78
80 25 64
98 23 27
55 84 13
83 39 80
76 10 62
55 83 24
10 55 27
17 42 4
7 54 41
39 72 57
75 96 31
54 13 86
4 38 5
23 5 33
80 32 67
88 55 34
27 63 72
56 57 34
28 12 87
88 5 55
19 90 69
72 82 11
26 54 1
45 19 56
73 43 35
45 61 96
35 99 22
12 8 16
47 53 21
29 21 13
73 67 79
18 22 25
24 29 11
17 81 100
47 66 45
84 63 8
50 58 100
31 47 82
31 9 97
30 41 28
85 74 65
63 18 95
23 70 19
19 13 36
66 92 12
41 31 52
94 11 37
57 28 81
89 21 73
79 29 41
16 96 54
14 36 81
21 1 14
87 63 16
86 98 75
38 2 57
79 6 30
91 61 19
35 81 8
91 48 60
7 84 22
70 35 40
20 73 91
30 64 56
22 89 58
28 96 15
6 12 13
5 98 52
85 12 5
93 54 6
31 8 81
52 71 98
39 5 87
55 12 25
83 21 71
93 5 46
38 73 58
32 10 75
82 97 70
72 83 63
93 62 88
41 97 37
5 77 17
10 33 33
100 27 67
47 68 48
9 78 90
35 68 35
20 39 43
6 74 32
15 100 82
0 68 90
23 7 57
14 72 37
24 57 38
68 55 29
36 4 21
68 76 65
59 96 91
45 39 23
0 30 70
36 93 63
67 58 20
60 83 20
72 68 30
4 47 5
40 79 88
11 92 53
18 56 55
25 68 86
100 98 41
97 58 73
47 66 68
59 31 96
0 15 62
58 12 24
29 11 42
62 46 8
60 2 68
66 25 14
45 83 96
91 63 31
42 13 34
47 52 75
46 65 73
100 55 38
92 31 9
34 54 33
14 89 2
32 98 7
54 98 4
44 33 42
16 15 64
41 62 75
4 45 66
50 20 90
13 69 20
49 18 95
14 98 61
52 33 14
28 13 37
87 37 39
31 46 91
87 66 72
86 33 83
81 13 32
98 42 24
6 45 79
48 48 69
34 44 91
28 46 55
7 25 48
53 52 65
40 58 61
37 87 8
4 84 60
75 76 37
2 93 86
87 21 91
25 17 18
86 82 81
20 62 88
61 63 52
93 6 84
23 60 91
7 52 70
39 68 98
49 48 55
99 13 4
66 22 24
78 71 68
25 2 9
3 8 88
71 81 41
97 44 60
75 18 61
35 64 17
38 18 100
93 37 34
12 3 26
54 73 68
57 64 92
6 37 12
13 45 52
22 88 73
18 89 10
43 58 83
4 99 34
67 73 45
33 84 61
15 90 92
75 28 25
51 26 61
88 40 84
62 87 92
87 22 56
24 24 77
84 32 46
96 80 66
47 12 95
61 71 58
13 99 9
14 59 83
45 94 28
26 63 84
54 18 72
19 7 99
48 21 33
74 76 22
31 37 19
69 62 92
70 91 100
77 21 90
50 36 93
20 46 39
41 88 72
84 75 56
33 12 86
19 54 59
30 86 56
25 55 35
84 95 42
67 3 26
50 42 68
9 10 84
46 83 61
15 29 66
72 69 8
84 53 47
53 70 66
35 55 45
9 67 78
7 52 33
1 23 28
78 22 46
100 66 7
89 37 94
97 10 91
53 48 15
19 67 40
60 81 24
17 89 70
88 7 40
93 26 48
90 78 19
91 2 11
64 81 11
75 40 70
77 65 16
86 22 44
90 63 36
81 38 43
22 84 76
68 88 23
46 13 25
8 100 13
96 10 58
19 80 12
30 64 33
3 96 47
8 7 32
20 56 46
99 26 64
2 20 12
67 45 63
37 73 10
15 70 53
90 76 61
42 8 52
57 66 7
44 60 67
39 12 84
28 37 95
49 2 81
78 3 72
25 40 82
4 47 1
20 41 6
77 75 10
75 55 81
75 31 59
100 84 72
42 25 39
8 61 3
13 66 1
58 85 42
50 78 61
61 30 32
71 76 48
88 17 98
48 39 20
87 20 40
97 69 86
25 61 69
54 93 10
32 43 54
45 58 33
53 22 1
93 61 47
57 59 38
57 26 71
35 35 60
70 87 37
95 61 13
63 90 6
75 97 59
50 45 96
10 22 55
62 59 95
43 72 63
12 24 3
23 36 86
100 1 1
4 99 54
84 79 77
28 89 30
1 22 6
92 67 54
84 63 23
49 60 88
89 99 82
4 92 13
87 37 94
88 64 68
48 46 58
68 45 5
10 28 72
51 46 69
27 23 13
75 97 39
90 48 65
48 59 23
44 52 32
35 72 76
61 85 22
98 85 64
68 47 78
0 55 55
66 98 21
69 11 77
12 85 59
5 42 25
21 84 62
37 21 1
46 25 23
88 98 54
36 22 35
11 69 57
100 6 31
40 29 7
35 43 32
81 64 71
30 5 25
7 21 17
31 43 35
13 47 81
60 57 42
32 74 85
67 53 15
3 89 85
52 96 17
44 68 69
15 40 98
38 27 52
0 44 99
13 42 34
61 12 61
52 22 97
13 62 69
43 97 35
21 17 22
48 69 67
20 46 23
15 73 20
61 55 7
5 100 52
97 48 53
38 3 52
89 80 48
36 32 85
47 27 41
72 9 77
74 73 98
22 42 25
8 2 87
91 25 16
98 29 77
57 87 8
56 6 32
20 18 1
83 81 21
69 96 28
13 63 44
14 60 30
70 57 74
83 56 97
93 62 100
30 25 5
43 41 16
100 84 31
79 40 83
12 59 63
46 38 10
16 86 48
32 15 55
84 58 56
99 99 99
56 82 23
31 83 25
95 11 94
67 77 35
21 52 78
11 30 40
2 57 53
61 29 41
73 79 96
63 4 15
78 21 43
37 26 33
50 22 62
28 14 70
23 1 19
95 88 7
91 10 23
57 85 91
25 63 58
51 32 31
1 74 53
47 92 81
13 82 4
76 21 60
92 10 71
19 57 99
47 85 3
95 23 15
14 33 90
11 99 88
82 93 96
75 33 74
21 28 21
73 94 45
2 67 55
90 93 62
8 34 45
42 58 87
36 41 40
59 78 24
45 24 72
2 9 3
94 53 82
13 35 36
90 69 60
36 67 58
75 46 17
35 55 63
12 88 91
18 66 28
36 17 39
56 48 75
37 62 67
82 77 39
12 33 57
10 22 75
11 10 80
1 12 64
2 64 93
91 77 63
10 33 21
100 97 2
76 82 99
51 66 33
2 47 93
0 89 69
30 74 67
47 1 94
67 88 33
4 8 40
95 53 33
67 60 11
82 32 14
18 95 60
79 69 11
64 85 30
0 27 62
56 80 4
99 95 91
72 17 12
83 15 78
100 68 14
89 86 90
67 60 99
10 32 14
28 9 52
100 91 18
83 41 63
52 91 16
12 55 55
60 38 13
70 35 42
90 14 81
48 100 27
52 29 5
73 41 26
1 95 53
11 32 65
91 47 20
91 5 25
99 3 95
65 39 45
0 57 27
55 94 47
30 83 16
85 33 65
88 17 100
53 48 96
90 16 86
67 10 77
4 42 74
98 96 13
6 36 66
40 29 19
19 59 93
43 19 26
57 10 21
97 44 64
97 70 4
63 5 13
32 96 39
41 54 55
23 65 87
23 35 44
27 86 68
59 83 100
8 31 78
56 44 57
6 10 20
38 42 11
54 53 91
68 82 88
21 53 4
69 25 52
100 31 47
62 46 1
49 34 10
10 37 85
58 27 76
87 28 17
8 87 8
87 12 14
52 68 11
55 80 45
90 47 68
94 7 87
95 52 21
48 19 14
59 43 87
83 98 82
90 67 82
13 15 91
