4
2
1 2
4
1 1 2 2
6 
1 2 2 2 1 1
40
1 2 1 2 1 2 1 2 1 2 1 2 1 2 1 2 1 2 1 2 1 2 1 2 1 2 1 2 1 2 1 2 1 2 1 2 1 2 1 2 
200
1 2 1 2 1 2 1 2 1 3 
1 2 1 2 1 2 1 2 1 2 
1 2 1 2 1 2 1 2 1 2 
1 2 1 2 1 2 1 2 1 2 
1 2 1 2 1 2 1 2 1 2 
1 2 1 2 1 2 1 2 1 2 
1 2 1 2 1 2 1 2 1 2 
1 2 1 2 1 2 1 2 1 2 
1 2 1 2 1 2 1 2 1 2 
1 2 1 2 1 2 1 2 1 2 
1 2 1 2 1 2 1 2 1 2 
1 2 1 2 1 2 1 2 1 2 
1 2 1 2 1 2 1 2 1 2 
1 2 1 2 1 2 1 2 1 2 
1 2 1 2 1 2 1 2 1 2 
1 2 1 2 1 2 1 2 1 2 
1 2 1 2 1 2 1 2 1 2 
1 2 1 2 1 2 1 2 1 2 
1 2 1 2 1 2 1 2 1 2 
1 2 1 2 1 2 1 2 1 2 
200
1 2 1 2 1 2 1 2 1 2 
1 2 1 2 1 2 1 2 1 2 
1 2 1 2 1 2 1 2 1 2 
1 2 1 2 1 2 1 2 1 2 
1 2 1 2 1 2 1 2 1 2 
1 2 1 2 1 2 1 2 1 2 
1 2 1 2 1 2 1 2 1 2 
1 2 1 2 1 2 1 2 1 2 
1 2 1 2 1 2 1 2 1 2 
1 2 1 2 1 2 1 2 1 2 
1 2 1 2 1 2 1 2 1 2 
1 2 1 2 1 2 1 2 1 2 
1 2 1 2 1 2 1 2 1 2 
1 2 1 2 1 2 1 2 1 2 
1 2 1 2 1 2 1 2 1 2 
1 2 1 2 1 2 1 2 1 2 
1 2 1 2 1 2 1 2 1 2 
1 2 1 2 1 2 1 2 1 2 
1 2 1 2 1 2 1 2 1 2 
1 2 1 2 1 2 1 2 1 2 
200
1 2 1 2 1 2 1 2 1 2 
1 2 1 2 1 2 1 2 1 2 
1 2 1 2 1 2 1 2 1 2 
1 2 1 2 1 2 1 2 1 2 
1 2 1 2 1 2 1 2 1 2 
1 2 1 2 1 2 1 2 1 2 
1 2 1 2 1 2 1 2 1 2 
1 2 1 2 1 2 1 2 1 2 
1 2 1 2 1 2 1 2 1 2 
1 2 1 2 1 2 1 2 1 2 
1 2 1 2 1 2 1 2 1 2 
1 2 1 2 1 2 1 2 1 2 
1 2 1 2 1 2 1 2 1 2 
1 2 1 2 1 2 1 2 1 2 
1 2 1 2 1 2 1 2 1 2 
1 2 1 2 1 2 1 2 1 2 
1 2 1 2 1 2 1 2 1 2 
1 2 1 2 1 2 1 2 1 2 
1 2 1 2 1 2 1 2 1 2 
1 2 1 2 1 2 1 2 1 2 
