50
18 29292555
34491743 66963169
26118836 65873711
3832158 84466000
61371084 106860618
18552151 14613434
86955869 1342565
17256784 12945738
103960609 32567570
14732382 85763218
49380090 104586609
581761 68141408
37279452 44551886
83513502 106147497
402392 17693671
62884885 25843746
65276613 31517259
51451646 6882798
8833421 83776989
18 2
0 0
0 1
0 2
0 3
0 4
0 5
1 0
1 1
1 2
1 3
1 4
1 5
2 0
2 1
2 2
2 3
2 4
2 5
28 7010298
20259010 845744
28887952 28986004
1638618 27969512
43477242 54794457
17324934 54103948
46135454 48357062
18166050 54103977
22425308 15872568
1554006 8463319
9075641 43835253
23879253 45583195
19155511 52813269
28573311 36008541
31329856 33816781
28299879 40743296
14062012 26414169
29273006 6968099
11274178 30489222
46660174 3307444
22164714 20591065
52308531 38543916
10298817 12145951
37801155 17437866
52073622 3637010
4880511 11939440
7275249 46476581
44435393 4963060
20003619 21673261
50 5
3 15
10 16
9 4
6 15
4 8
5 11
0 1
16 10
17 13
15 10
3 1
11 11
13 18
13 11
13 17
8 8
7 15
6 6
2 4
15 3
12 10
18 11
17 6
8 18
17 3
5 4
11 2
6 1
2 9
9 10
3 8
2 1
2 3
7 9
12 2
13 0
8 11
3 4
18 9
16 7
11 18
17 2
8 12
16 12
4 4
0 2
7 13
15 5
0 11
14 1
19 17491228
94878638 108499216
110396902 176523460
200981036 150697541
188182056 178254957
9111381 75048445
226195889 247520863
277988863 90597425
237507657 5963845
290553050 93965553
33781220 181978780
208728125 207021924
172768315 149569670
34035467 45510060
87083272 128268350
120792386 71198248
215522207 245876199
90017184 111440339
261458020 136733053
143303986 293666186
23 60413960
25829136 182445490
43794842 173146412
79124569 99602143
13126893 154579335
63392392 88589125
72211309 44740675
144470894 10528825
148828859 115138925
186438514 25538255
81923716 127298494
52850448 4577337
62544263 145749016
125949885 159096963
120995897 45455310
235776 178355123
139291253 86305258
165390750 179896941
142090791 28501523
125926189 188000053
34583406 135307164
126950198 33363281
160177485 120524727
138409350 33458440
22 12831146
55470245 9220616
48539025 76324648
52157672 42587837
7967047 2278982
8587601 27351620
53252894 21691206
37065870 52857632
4064038 53388249
75452122 51130683
5786342 41316092
30489118 83095143
74617234 47597071
43776239 53361689
24567476 59777734
31800666 63782875
41902752 29336853
23327228 17952056
27563990 52830840
40566403 36072460
24175030 77005525
20902550 19145698
48532158 60465340
18 2662885
10761913 54603564
58270276 34899706
30447818 6708026
54583964 15135223
16209712 15338642
26458699 36232766
1285395 58402934
5547642 43864784
37205920 39829824
22733015 8004192
39834393 53267719
58403578 58459155
47357703 28917994
8672233 46875606
2366858 31191036
30086327 20491099
54822865 53925836
15073863 39578289
17 34928566
1313135 106702439
209962035 115072475
219823685 102466555
40876057 214935127
106557378 122212976
125725808 198245890
218263975 23556843
96722127 212637928
200366410 123312764
8919307 73007141
219174299 221157344
95482319 39594491
35971086 137353042
235737514 122169723
76174175 94329459
116206216 34607766
67160281 163338071
50 8
2 3
11 15
0 5
0 0
15 5
2 7
11 5
11 11
7 2
2 11
6 11
10 9
6 14
3 16
5 13
16 9
8 0
10 2
15 9
5 4
1 2
7 4
3 13
4 12
3 9
11 1
15 8
1 0
3 10
7 0
1 13
16 16
16 4
15 13
4 7
3 4
14 15
13 13
16 8
9 6
14 10
7 3
9 13
3 6
12 13
12 14
6 9
15 10
0 1
1 9
4 2
0 0
0 2
10 0
10 2
15 11559273
49987969 29470600
64063113 4336518
71085122 61848358
2159932 22559981
7103992 26818375
3002492 65670172
47620387 6649084
35614398 33393489
40932194 5359823
4707307 14752536
21199699 41630364
43099569 41468543
48743070 67168299
51433385 7946389
358816 72256110
27 12497605
92724350 255956144
332893675 341557412
234242200 91139979
51221032 228895968
359503849 246776388
210404579 127169406
196737071 359978974
116175952 166027767
14609488 215337442
219943757 245084886
270223676 319961307
342247488 181243327
319619943 229442064
12312185 232950369
335709479 212875580
78065888 248221792
301760019 107623081
240512926 53786284
125377981 189522113
310183983 218116909
294124894 89853551
295434086 151352112
242983510 91396153
52343371 165672657
152167790 127804527
81822600 241061796
143791205 26301399
4 6606879
5445586 18730251
48324696 30867902
40405780 39597402
50423605 84193003
4 1
0 0
0 2
10 0
10 2
50 4
11 6
2 4
14 3
12 11
12 0
15 10
6 6
8 7
15 15
14 8
3 7
9 10
11 9
5 11
3 4
8 2
4 15
8 3
14 0
13 8
8 12
6 2
13 3
11 3
13 7
7 8
7 1
5 10
8 0
12 1
8 10
7 15
8 8
0 3
0 11
1 13
1 10
10 2
6 8
7 11
11 15
13 14
0 8
2 13
11 4
2 5
5 5
3 11
1 9
2 10
24 114695131
274268466 287113504
279875353 138632994
44617456 54392095
190220632 164002603
3081360 286921770
186166603 52283132
244758554 72617845
234909297 210952714
198236153 238584029
43391265 137155323
153151703 21949888
88813755 60654852
227552725 10460520
250063599 143278451
29229860 179639522
146977833 270695625
194475523 48733997
135887896 920447
253765845 265126798
46650394 37266025
83650398 68968768
183755014 177968568
113797274 246700617
125009109 147040090
14 1
0 1
0 2
0 3
1 0
1 1
1 2
1 3
2 0
2 1
2 2
2 3
3 0
3 1
3 2
3 1
100 100
200 200
300 300
16 87735146
115648822 141084807
132107647 31127484
132246344 148316004
222314863 101163223
123736504 263791403
288693760 259476839
347815057 282490815
193036887 113284244
226012175 360872827
90756678 386767050
360609787 183424007
121634869 366726037
239082344 35511373
332462895 156714406
75002632 54501190
410547591 311105075
7 3
8 5
3 6
9 2
4 5
3 2
1 8
2 8
27 121173007
7774227 404295126
173489447 341397624
414417064 19780618
182934823 326960315
111070722 152329054
66563909 279445179
379762340 83430768
188058747 79819707
273920581 287484659
145605517 363157105
116512360 432001292
213713213 338761283
73653785 328484020
433671415 30940014
85665343 302983909
172180577 215635139
23555516 359849532
104136679 34628513
169044174 57005814
244395501 334290921
183124865 223843769
320071942 73316368
420451267 195505398
329259928 386867107
407349256 205597149
247724556 178823917
127879336 368186444
14 2
0 1
0 2
0 3
1 0
1 1
1 2
1 3
2 0
2 1
2 2
2 3
3 0
3 1
3 2
18 1
0 0
0 1
0 2
0 3
0 4
0 5
1 0
1 1
1 2
1 3
1 4
1 5
2 0
2 1
2 2
2 3
2 4
2 5
25 22732507
60577390 4437494
6230423 31330397
51887708 31933995
1825734 26141505
60486128 35249030
43955744 64555321
79082221 12448013
63583240 70873299
32742397 23757754
61237690 62173739
31170681 56348192
44344512 20485848
62709329 28449876
15709283 52233139
15738778 32305843
12136267 7567217
911724 26973594
57211718 66261140
18975257 24607680
77847562 77426846
16161744 18219568
30677162 69812641
79163490 465377
5316132 4993634
41529121 41099507
18 2
0 0
0 1
0 2
3 3
3 4
3 5
1 0
1 1
1 2
4 3
4 4
4 5
2 0
2 1
2 2
5 3
5 4
5 5
1 6583114
112222962 83166220
7 3
1 5
2 3
2 1
5 1
6 3
4 4
4 5
13 9509776
11096878 63489342
49060702 55508332
23618998 52252892
3891449 63928292
47467711 13872270
6058434 33984093
1663745 51854366
49756843 34828937
9046444 59272788
54810047 17878647
30774384 18220628
27014896 61833398
21402968 45600085
6 16298770
114376087 120663393
156912339 165078980
11600331 79143407
84711766 55931238
68454794 179701463
44682163 130187049
50 17
5 5
6 9
6 5
3 9
2 0
6 8
7 5
10 1
4 3
2 5
3 5
8 10
1 2
10 3
8 8
9 9
10 0
7 4
3 0
0 0
10 5
4 4
7 2
4 6
2 2
7 1
3 2
9 1
2 1
0 5
5 1
4 1
2 3
8 1
9 8
6 7
8 0
1 9
6 0
8 3
3 3
5 3
9 0
2 4
9 2
10 4
7 7
9 4
1 8
1 6
16 1
0 0
0 1
0 2
1 0
1 1
1 2
2 0
2 1
2 2
2 3
3 3
4 3
3 2
4 2
3 1
4 1
2 51054776
14192113 173943682
44109041 444212817
23 5358370
25783697 4468986
68940686 22443596
49449993 58321103
9359185 44343306
18817395 69254687
22353944 16709095
20103609 1996648
45021801 67382437
14626103 69205710
33721422 24434170
12842568 2323165
20633026 43364027
16264900 29030104
66607439 37005294
4348646 2779950
17396385 60297
49431401 29805964
30839973 52950994
22011579 18240012
4545502 57843557
2754784 49405323
20655300 26052180
54227686 6744472
7 6
8 5
3 6
9 2
4 5
3 2
1 8
2 8
24 3344937
21289585 26274613
7062274 26646895
48560245 1025877
40975875 11119135
17322804 12187835
26593000 3997900
26371100 38810501
40675593 29236984
42637554 9661348
25533491 41352394
34183254 8478090
8065291 29405575
41097022 47673667
9865294 39088031
13176181 18975489
36334608 333255
70567 46697156
46468509 47108149
45543068 38600997
18836736 35675383
45667202 6881856
157090 16837617
32280162 48816700
48575113 12709361
50 6
0 0
11 7
0 11
9 14
2 2
3 3
0 13
6 4
11 8
2 10
11 13
0 8
8 3
9 2
14 8
1 9
14 14
2 9
3 7
2 5
0 4
13 10
9 5
10 5
0 12
3 5
10 14
3 14
10 6
13 7
4 1
2 3
1 13
3 2
12 4
11 6
11 14
9 8
14 12
4 13
4 8
3 8
0 9
1 1
5 3
12 9
6 12
12 11
12 13
8 13
50 4
9 6
12 8
6 0
0 3
12 11
9 8
0 5
2 3
2 5
2 2
7 1
12 9
0 9
6 1
0 2
10 12
0 1
12 7
12 3
12 1
0 0
11 0
12 10
12 4
12 5
1 1
3 1
4 4
9 4
0 10
3 5
11 11
1 9
11 1
3 4
10 5
10 7
8 9
8 1
7 7
7 6
5 2
5 3
6 9
9 0
12 12
0 6
7 0
1 11
4 10
14 94721190
102818692 11901776
229840290 97967311
92438282 8289203
88377752 28179570
195349265 264177000
81632912 110595365
233540291 42630875
101250288 181701684
209987223 271814462
197968983 183200920
130985824 51234901
260682881 293964310
298630555 48346427
315265984 17610828
1 1
100 100
50 20
8 9
5 0
11 0
9 2
4 9
7 7
9 8
10 7
4 6
9 6
5 10
9 3
3 1
4 11
3 6
6 4
8 0
6 1
7 9
7 3
2 8
6 9
7 8
6 7
3 2
6 10
3 7
0 2
8 2
6 11
10 1
6 5
11 9
0 3
3 3
5 9
11 5
1 8
11 6
7 2
7 0
1 1
5 6
8 6
11 11
4 1
5 2
8 1
0 9
4 4
50 19
8 3
5 8
7 12
7 2
6 4
13 7
10 13
9 4
3 10
3 1
9 0
3 13
0 13
9 1
9 13
12 4
13 4
4 4
4 6
1 5
7 4
13 2
0 7
4 2
3 11
10 8
2 7
5 9
4 5
1 2
3 8
0 8
10 4
6 7
2 8
10 1
9 6
6 10
4 8
6 8
7 6
4 1
8 8
1 10
3 6
1 6
8 10
13 6
8 13
9 10
24 71790801
227148942 131014588
22295873 78763997
193288505 72604806
51481029 20369311
48505318 233375079
250831135 129402454
219081538 196453198
10446197 18290416
9690820 253157318
200789026 40028775
171325219 211572324
91683966 152149945
194540633 165480070
157854834 135085799
50451496 158297832
93196272 173005617
237450862 20695231
33207082 143523588
95163295 163911792
55556016 225659815
147043890 43545172
113102188 20211828
231426647 104487563
115573611 16848666
2 1
100 100
200 200
50 8
11 8
9 15
14 17
2 9
1 7
15 13
16 10
9 12
11 7
7 13
17 10
1 16
7 11
8 7
16 17
15 16
10 7
16 1
10 0
13 17
12 17
3 4
14 15
2 11
6 5
12 4
3 13
1 8
0 8
14 8
2 2
16 6
13 6
3 11
8 0
2 5
4 6
4 9
17 11
5 5
9 2
7 0
17 0
8 8
8 2
0 1
1 6
2 14
4 11
15 1
18 1
0 0
0 1
0 2
3 3
3 4
3 5
1 0
1 1
1 2
4 3
4 4
4 5
2 0
2 1
2 2
5 3
5 4
5 5
7 88250629
262445698 270639240
148293123 14887371
309757073 116177341
253862662 63737796
314659486 70891443
268780627 163613467
87349124 2155302
20 16852682
390061163 146695273
133354432 434941389
235842151 381226181
374162457 239882549
42446610 362747486
425293258 397012023
304272287 291888997
408961001 276711045
309395617 206612463
11750044 400491354
166655566 97187264
107899131 188950707
393741067 195403969
193048888 76646551
74106673 96945284
41310879 316085353
87779161 98814352
146712402 254376224
423709473 362667985
415582206 288341081
16 2
0 0
0 1
0 2
1 0
1 1
1 2
2 0
2 1
2 2
2 3
3 3
4 3
3 2
4 2
3 1
4 1
20 34481756
214811084 164901336
210467748 184852625
151644806 155515780
135042577 76343388
5254956 2843948
96978752 206468521
30769971 31440912
100129837 96095105
143198742 129547136
211931764 199453624
45372062 123260719
146668294 199101474
15715699 166483537
77982681 117482397
191263297 41013017
93639320 166146131
125346870 46293359
133503565 34750006
12532938 168772344
125811000 156709774
