100
4 2
5 2
6 2
1000 1000
1000 1
999 498
1000 128
1000 256
1000 2
2 2
281 235
599 499
1000 500
999 1
1000 442
500 500
999 998
865 811
500 1
544 466
1000 511
500 256
999 999
1000 489
287 229
5 1
401 346
500 251
612 526
445 385
826 770
820 636
500 250
1000 127
1000 490
761 752
1000 255
655 617
500 205
500 249
955 936
923 897
999 127
500 499
1 1
500 244
500 128
1000 499
500 116
999 512
293 253
349 293
541 463
999 497
625 589
999 334
532 432
406 312
501 397
483 372
3 1
999 511
500 245
999 488
642 511
865 741
304 295
1000 512
519 490
500 248
717 617
500 2
731 707
837 640
833 673
3 2
773 617
4 1
381 347
999 2
844 756
500 255
2 1
1000 488
1000 498
999 128
481 422
838 699
845 636
1000 999
474 360
500 78
500 127
949 874
912 775
500 117
999 255
999 499
999 487
999 256
