100
4 2
5 2
6 2
1000 1000
1000 1
500000 127
500000 131071
601139 521172
445344 376078
549420 418928
1000000 524288
382792 361809
917303 812443
391019 356277
570043 541049
4 1
737174 704761
500000 262144
1000000 475712
1000000 524287
688113 606453
999999 2
999999 499999
999999 475711
999999 128
583215 494819
917040 759306
999999 524288
1000000 999999
999999 333433
999999 475712
500000 128
500000 499999
5 1
2 1
1000000 1
999999 524287
522209 457262
573631 467775
999999 999998
816600 774836
1000000 475713
500000 237857
968209 944513
1 1
637026 599310
1000000 477169
799192 666606
3 2
943201 778174
586153 484975
500000 1
500000 131072
440224 349482
1000000 262143
3 1
1000000 262144
329596 258146
401869 321762
500000 249998
571735 555636
1000000 1000000
1000000 127
834505 707307
507126 500049
999999 1
999999 499998
999999 262143
263294 201303
999999 497105
428072 394269
500000 250000
2 2
1000000 500000
829975 782738
1000000 499998
1000000 128
500000 237856
596776 565183
999999 127
500000 262143
1000000 433093
500000 2
315327 239842
1000000 2
500000 251290
826951 694847
315956 275256
602523 483419
500000 201164
1000000 499999
284344 269188
999999 999999
500000 500000
999999 262144
502376 480221
500000 249999
526736 404646
999999 499997
902321 817994
