1
1000 108
97 363
700 294
107 886
196 794
901 95
718 81
682 211
846 159
428 622
13 861
732 244
216 882
136 465
77 1
612 587
601 552
23 850
25 427
692 164
312 380
775 911
158 875
236 471
19 195
861 123
869 34
666 289
918 198
416 815
181 990
577 435
666 306
633 272
889 667
543 834
949 773
812 106
573 831
171 309
8 334
278 715
810 386
573 614
146 425
91 626
435 479
23 623
860 935
633 5
583 732
203 934
290 30
531 234
758 458
644 851
649 757
647 665
405 142
941 607
280 252
505 917
613 770
204 84
830 995
471 350
932 803
230 501
438 201
113 492
701 384
80 621
438 900
668 994
490 777
402 269
55 526
707 474
229 375
941 207
711 903
919 633
893 695
291 422
764 751
735 171
428 842
520 412
211 157
588 295
267 264
433 700
847 163
12 133
873 845
203 26
795 998
649 867
870 173
1 802
21 782
77 991
405 73
507 436
127 596
633 510
787 127
276 905
203 707
